1-7
(1, 46.10377261415124) +- (6.695466752463283, 6.695466752463283)
(4, 53.03562805056572) +- (11.91475746856602, 11.91475746856602)
(16, 47.326454520225525) +- (2.8551220850176433, 2.8551220850176433)
(64, 54.19182423502207) +- (11.361721212924046, 11.361721212924046)
(256, 59.97132882475853) +- (8.200375886405586, 8.200375886405586)
(1024, 88.84750232100487) +- (17.10762206458156, 17.10762206458156)
(4096, 212.86891866475344) +- (45.32194071800541, 45.32194071800541)
(16384, 708.3028927445412) +- (21.28603800201175, 21.28603800201175)
(65536, 2646.285574324429) +- (58.32472284359256, 58.32472284359256)
(262144, 10280.35289477557) +- (315.5992426322802, 315.5992426322802)
(1048576, 41422.49709982425) +- (477.10717139605526, 477.10717139605526)
(4194304, 83999.91795811802) +- (574.216665851737, 574.216665851737)

1-2
(1, 8.716843649744987) +- (2.7454616508419725, 2.7454616508419725)
(4, 7.684867177158594) +- (2.217153906185993, 2.217153906185993)
(16, 8.761684410274029) +- (1.6473126526134059, 1.6473126526134059)
(64, 9.013585839420557) +- (2.312837130611047, 2.312837130611047)
(256, 8.57847174629569) +- (2.4007170388914916, 2.4007170388914916)
(1024, 7.888751290738582) +- (2.192531826613443, 2.192531826613443)
(4096, 8.971712552011013) +- (1.7185963216018574, 1.7185963216018574)
(16384, 8.687147963792086) +- (2.2438859196733714, 2.2438859196733714)
(65536, 8.773291390389204) +- (2.4994967304066993, 2.4994967304066993)
(262144, 8.267177734524012) +- (1.7327385097586188, 1.7327385097586188)
(1048576, 10.49849083647132) +- (4.02211855875707, 4.02211855875707)
(4194304, 7.721937540918589) +- (1.5409164229794838, 1.5409164229794838)

2-3
(1, 8.126121200621128) +- (1.4526667343016888, 1.4526667343016888)
(4, 6.89063984900713) +- (0.7060658907835119, 0.7060658907835119)
(16, 6.691126339137554) +- (0.8275151522208488, 0.8275151522208488)
(64, 7.968519628047944) +- (2.029410858907263, 2.029410858907263)
(256, 6.881237030029297) +- (0.40670718249951543, 0.40670718249951543)
(1024, 6.2554518692195415) +- (1.1338219481804068, 1.1338219481804068)
(4096, 8.030403591692448) +- (1.5203272098412959, 1.5203272098412959)
(16384, 8.014882449060678) +- (2.182280966257244, 2.182280966257244)
(65536, 8.177436422556639) +- (2.2336772765974495, 2.2336772765974495)
(262144, 7.974423002451658) +- (2.3594884924616952, 2.3594884924616952)
(1048576, 11.288527399301529) +- (3.379983450191304, 3.379983450191304)
(4194304, 8.974187448620796) +- (1.7076715765341226, 1.7076715765341226)

3-4
(1, 5.750347953289747) +- (0.6182303939967534, 0.6182303939967534)
(4, 7.646133005619049) +- (1.669932656161575, 1.669932656161575)
(16, 6.59610191360116) +- (1.1254734752899227, 1.1254734752899227)
(64, 6.887737009674311) +- (0.802178998714768, 0.802178998714768)
(256, 6.354477070271969) +- (0.7761691951068901, 0.7761691951068901)
(1024, 5.628612078726292) +- (0.8025624660793838, 0.8025624660793838)
(4096, 7.1670844219625) +- (0.7636127548095414, 0.7636127548095414)
(16384, 6.784679740667343) +- (0.5755224372541249, 0.5755224372541249)
(65536, 6.434212997555733) +- (0.3449859844577009, 0.3449859844577009)
(262144, 7.20756072551012) +- (1.726011488382195, 1.726011488382195)
(1048576, 10.934882331639528) +- (5.731762103475481, 5.731762103475481)
(4194304, 8.096089586615562) +- (1.4893640839344313, 1.4893640839344313)

4-5
(1, 10.66341158002615) +- (2.142606388649089, 2.142606388649089)
(4, 11.28068920224905) +- (2.6714382781436607, 2.6714382781436607)
(16, 10.353772807866335) +- (0.5986394560820256, 0.5986394560820256)
(64, 10.811157617717981) +- (1.5796487103804318, 1.5796487103804318)
(256, 10.676153376698494) +- (1.2811424156940354, 1.2811424156940354)
(1024, 10.321587417274714) +- (1.0908578868991696, 1.0908578868991696)
(4096, 10.638233181089163) +- (1.023506445467665, 1.023506445467665)
(16384, 10.121673438698053) +- (1.165311498285518, 1.165311498285518)
(65536, 10.425268299877644) +- (0.936401846625836, 0.936401846625836)
(262144, 11.757632810622454) +- (1.637055775280342, 1.637055775280342)
(1048576, 18.045789375901222) +- (13.074746380349056, 13.074746380349056)
(4194304, 9.86550860106945) +- (0.7774455153618599, 0.7774455153618599)

5-6
(1, 9.714380465447903) +- (1.377497237646795, 1.377497237646795)
(4, 11.610850971192122) +- (1.2247421195725556, 1.2247421195725556)
(16, 11.848216969519854) +- (0.9381220900593288, 0.9381220900593288)
(64, 16.18182547390461) +- (6.8479962831353705, 6.8479962831353705)
(256, 24.111156072467566) +- (6.918836840172473, 6.918836840172473)
(1024, 55.67453056573868) +- (15.535276844335794, 15.535276844335794)
(4096, 174.96315902099013) +- (44.276877363189335, 44.276877363189335)
(16384, 667.6674861460924) +- (14.476171662061141, 14.476171662061141)
(65536, 2608.418442402035) +- (62.07159008507644, 62.07159008507644)
(262144, 10239.863105956465) +- (319.1409323318756, 319.1409323318756)
(1048576, 41361.27163479105) +- (480.3857091129118, 480.3857091129118)
(4194304, 83954.7709332779) +- (577.9998400826639, 577.9998400826639)

6-7
(1, 3.132667765021324) +- (0.5509107824823825, 0.5509107824823825)
(4, 7.922447845339775) +- (5.905065875571908, 5.905065875571908)
(16, 3.0755520798265934) +- (0.5493833629681116, 0.5493833629681116)
(64, 3.328998666256666) +- (1.059268931778319, 1.059268931778319)
(256, 3.369833528995514) +- (0.5901590376294827, 0.5901590376294827)
(1024, 3.0785690993070602) +- (0.2925366795345779, 0.2925366795345779)
(4096, 3.0983258970081806) +- (0.29521635022991405, 0.29521635022991405)
(16384, 7.027023006230593) +- (4.592746120445035, 4.592746120445035)
(65536, 4.056922812014818) +- (1.034007125710472, 1.034007125710472)
(262144, 5.282994545996189) +- (2.6422846445317254, 2.6422846445317254)
(1048576, 10.457775089889765) +- (5.3331012546307575, 5.3331012546307575)
(4194304, 10.489301662892103) +- (2.948074785940408, 2.948074785940408)

