1-8
(1, 53.84231489151716) +- (19.18979473661658, 19.18979473661658)
(4, 64.99505387619138) +- (15.236643971602597, 15.236643971602597)
(16, 65.83693092688918) +- (25.255393695862356, 25.255393695862356)
(64, 65.87072443217039) +- (11.63167144825431, 11.63167144825431)
(256, 78.4696645103395) +- (16.00568635840268, 16.00568635840268)
(1024, 85.31775530427694) +- (23.547385728179222, 23.547385728179222)
(4096, 158.844128344208) +- (44.91260480918657, 44.91260480918657)
(16384, 366.6456655599177) +- (37.32440762025925, 37.32440762025925)
(65536, 1254.0693303570151) +- (54.97113567751559, 54.97113567751559)
(262144, 4727.522750105709) +- (274.9990775321233, 274.9990775321233)
(1048576, 18929.99775512144) +- (724.2025647265174, 724.2025647265174)
(4194304, 38520.13494214043) +- (535.1518680210906, 535.1518680210906)

1-2
(1, 3.792395256459713) +- (0.3213179248672717, 0.3213179248672717)
(4, 3.934265952557326) +- (0.14671043033447134, 0.14671043033447134)
(16, 4.138451628386974) +- (0.37983325060767004, 0.37983325060767004)
(64, 3.9856422692537308) +- (0.1844886472442153, 0.1844886472442153)
(256, 4.000158421695232) +- (0.1668987838165866, 0.1668987838165866)
(1024, 4.285385273396969) +- (0.5105004177354575, 0.5105004177354575)
(4096, 4.260084684938192) +- (0.28638118510173, 0.28638118510173)
(16384, 4.07835841178894) +- (0.12638714904850762, 0.12638714904850762)
(65536, 4.213640373200178) +- (0.3179354837557756, 0.3179354837557756)
(262144, 4.737845156341791) +- (1.2394890774068081, 1.2394890774068081)
(1048576, 4.461221117526293) +- (0.5055836796611056, 0.5055836796611056)
(4194304, 6.830109283328056) +- (0.35347546608787583, 0.35347546608787583)

2-3
(1, 15.707536693662407) +- (16.11643288919746, 16.11643288919746)
(4, 29.707057494670153) +- (13.56907689542719, 13.56907689542719)
(16, 24.97115032747388) +- (21.096833086835797, 21.096833086835797)
(64, 29.489132296293974) +- (12.752424612031623, 12.752424612031623)
(256, 37.67747236415744) +- (14.43657146655747, 14.43657146655747)
(1024, 41.85999743640423) +- (22.455622008598798, 22.455622008598798)
(4096, 103.74378934502602) +- (29.39110998450548, 29.39110998450548)
(16384, 324.98161774128675) +- (35.65013116850365, 35.65013116850365)
(65536, 1206.4003862440586) +- (55.182071673165204, 55.182071673165204)
(262144, 4680.889829993248) +- (281.38136519819324, 281.38136519819324)
(1048576, 18874.191617872566) +- (723.2624459761879, 723.2624459761879)
(4194304, 38459.89045603201) +- (534.1673740685299, 534.1673740685299)

3-4
(1, 8.147121407091618) +- (1.5751449547540712, 1.5751449547540712)
(4, 9.198539238423109) +- (1.9192635903081487, 1.9192635903081487)
(16, 10.162210185080767) +- (2.285416660505622, 2.285416660505622)
(64, 8.889969438314438) +- (1.634077239837263, 1.634077239837263)
(256, 10.41700728237629) +- (2.4240486859715644, 2.4240486859715644)
(1024, 10.804968513548374) +- (1.5948442271622632, 1.5948442271622632)
(4096, 17.033029813319445) +- (12.56608728003817, 12.56608728003817)
(16384, 10.386336222290993) +- (2.5238360982959773, 2.5238360982959773)
(65536, 10.382948350161314) +- (3.7758256794753, 3.7758256794753)
(262144, 11.629296839237213) +- (1.8331152351180262, 1.8331152351180262)
(1048576, 12.619604356586933) +- (1.948356103221741, 1.948356103221741)
(4194304, 14.06202781945467) +- (2.013142573777053, 2.013142573777053)

4-5
(1, 3.483354113996029) +- (0.9461514888620093, 0.9461514888620093)
(4, 4.828475695103407) +- (2.221046041463654, 2.221046041463654)
(16, 4.025087784975767) +- (1.611423182207254, 1.611423182207254)
(64, 4.135811980813742) +- (2.083653934751171, 2.083653934751171)
(256, 3.8719256408512592) +- (1.0047611156281098, 1.0047611156281098)
(1024, 5.482922960072756) +- (3.0342270923629777, 3.0342270923629777)
(4096, 4.821918066591024) +- (2.385433499900948, 2.385433499900948)
(16384, 5.208341404795647) +- (2.8809426357873447, 2.8809426357873447)
(65536, 5.393341090530157) +- (1.6316511359392263, 1.6316511359392263)
(262144, 3.133703302592039) +- (0.6726385414629836, 0.6726385414629836)
(1048576, 5.634776595979929) +- (1.984503834139784, 1.984503834139784)
(4194304, 6.467941123992205) +- (3.2169207540161144, 3.2169207540161144)

5-6
(1, 13.287745509296656) +- (12.843891328990662, 12.843891328990662)
(4, 7.805501203984022) +- (0.5532095676954438, 0.5532095676954438)
(16, 10.690136440098286) +- (2.5569398176786047, 2.5569398176786047)
(64, 9.319096524268389) +- (2.338331782643022, 2.338331782643022)
(256, 10.917028225958347) +- (2.5565699145470178, 2.5565699145470178)
(1024, 11.564883589744568) +- (4.31198409615404, 4.31198409615404)
(4096, 17.91508747264743) +- (20.77893521134182, 20.77893521134182)
(16384, 10.600101854652166) +- (5.163364440749561, 5.163364440749561)
(65536, 15.911659318953754) +- (4.9008867270725975, 4.9008867270725975)
(262144, 12.472505681216717) +- (7.344843944933489, 7.344843944933489)
(1048576, 19.62497066706419) +- (11.172379957445271, 11.172379957445271)
(4194304, 19.499132875353098) +- (2.1676850449584397, 2.1676850449584397)

6-7
(1, 7.413438148796558) +- (0.567262163274858, 0.567262163274858)
(4, 7.425641734153032) +- (0.836183031602885, 0.836183031602885)
(16, 8.70440024882555) +- (1.7316027629540522, 1.7316027629540522)
(64, 7.993137184530496) +- (0.5915050131329365, 0.5915050131329365)
(256, 9.279131144285202) +- (1.4759280754811528, 1.4759280754811528)
(1024, 8.655351679772139) +- (1.8421870438953192, 1.8421870438953192)
(4096, 8.623800333589315) +- (2.0390238854011824, 2.0390238854011824)
(16384, 8.009782247245312) +- (1.3003503113107473, 1.3003503113107473)
(65536, 9.305756539106369) +- (1.2516038088885875, 1.2516038088885875)
(262144, 12.183372769504786) +- (5.170357611786791, 5.170357611786791)
(1048576, 10.146164707839489) +- (1.5979134205125625, 1.5979134205125625)
(4194304, 9.862466342747211) +- (4.639876404575957, 4.639876404575957)

7-8
(1, 2.010723762214184) +- (0.12795180969917294, 0.12795180969917294)
(4, 2.095572557300329) +- (0.09646104544967089, 0.09646104544967089)
(16, 3.1454943120479584) +- (1.2507152195560791, 1.2507152195560791)
(64, 2.0579347386956215) +- (0.1148012247295896, 0.1148012247295896)
(256, 2.30694143101573) +- (0.24280626404435268, 0.24280626404435268)
(1024, 2.6642458513379097) +- (0.3559371910134206, 0.3559371910134206)
(4096, 2.4464186280965805) +- (0.3224638687684668, 0.3224638687684668)
(16384, 3.381127677857876) +- (1.9100390893146892, 1.9100390893146892)
(65536, 2.461598441004753) +- (0.10375718087034606, 0.10375718087034606)
(262144, 2.476196363568306) +- (0.09893776463009347, 0.09893776463009347)
(1048576, 3.319399803876877) +- (1.1971040366827133, 1.1971040366827133)
(4194304, 3.522808663547039) +- (1.537829828892817, 1.537829828892817)

