1-5
(1, 58.414271427318454) +- (4.28126450849415, 4.28126450849415)
(4, 62.71078456193209) +- (3.5077256379210513, 3.5077256379210513)
(16, 60.98133521154523) +- (2.6825546966387623, 2.6825546966387623)
(64, 58.021810837090015) +- (4.69913486881594, 4.69913486881594)
(256, 66.98932559229434) +- (5.151228626322338, 5.151228626322338)
(1024, 82.8619328327477) +- (2.1793936980826563, 2.1793936980826563)
(4096, 191.04500780813396) +- (6.109805022124032, 6.109805022124032)
(16384, 600.424203183502) +- (6.249399498611837, 6.249399498611837)
(65536, 2247.154159191996) +- (8.210636947185906, 8.210636947185906)
(262144, 8829.596362775192) +- (6.696308574707105, 6.696308574707105)
(1048576, 35151.946317218244) +- (10.142739824228173, 10.142739824228173)
(4194304, 70235.52431119606) +- (8.450847624397655, 8.450847624397655)
(16777216, 140383.0456148833) +- (4.979976361046792, 4.979976361046792)

1-2
(1, 6.643300224095583) +- (1.8470006411638549, 1.8470006411638549)
(4, 8.444579178467393) +- (1.9774117813732262, 1.9774117813732262)
(16, 9.571337001398206) +- (3.1039879464465057, 3.1039879464465057)
(64, 6.884373305365443) +- (0.9277394519738642, 0.9277394519738642)
(256, 7.273472985252738) +- (1.1263601860708008, 1.1263601860708008)
(1024, 6.365290656685829) +- (0.8007849248848126, 0.8007849248848126)
(4096, 9.26401624456048) +- (3.7893345994570007, 3.7893345994570007)
(16384, 8.363827178254724) +- (2.987399961983134, 2.987399961983134)
(65536, 7.451798394322395) +- (1.1727983554299366, 1.1727983554299366)
(262144, 9.127737767994404) +- (1.8002539022546025, 1.8002539022546025)
(1048576, 8.352673426270485) +- (1.314531085279181, 1.314531085279181)
(4194304, 9.503347845748067) +- (2.4766177631060127, 2.4766177631060127)
(16777216, 7.19604417681694) +- (0.497894334101785, 0.497894334101785)

2-3
(1, 36.89209180884063) +- (3.6721157085059564, 3.6721157085059564)
(4, 38.41996258124709) +- (1.2940234932768742, 1.2940234932768742)
(16, 36.67313922196627) +- (3.087718158207744, 3.087718158207744)
(64, 36.10523957759142) +- (2.809170407866583, 2.809170407866583)
(256, 38.47821136005223) +- (3.8948552237676, 3.8948552237676)
(1024, 36.91512639634311) +- (1.4208922136954234, 1.4208922136954234)
(4096, 37.03421279788017) +- (2.1028943041992556, 2.1028943041992556)
(16384, 37.26426176726818) +- (3.156733095274521, 3.156733095274521)
(65536, 38.913939986377954) +- (5.672972292651103, 5.672972292651103)
(262144, 40.74928821064532) +- (6.369033703502946, 6.369033703502946)
(1048576, 40.129255363717675) +- (6.456279238169203, 6.456279238169203)
(4194304, 39.63845795951784) +- (2.314756219043604, 2.314756219043604)
(16777216, 34.11649316549301) +- (3.9945035937897058, 3.9945035937897058)

3-4
(1, 11.739705968648195) +- (1.2325023468894705, 1.2325023468894705)
(4, 12.485555792227387) +- (1.1103649427963214, 1.1103649427963214)
(16, 11.524520115926862) +- (0.3735292433137527, 0.3735292433137527)
(64, 11.626847926527262) +- (0.9477694036806851, 0.9477694036806851)
(256, 17.06035383976996) +- (2.197513351757778, 2.197513351757778)
(1024, 35.84011956118047) +- (0.8068550806670505, 0.8068550806670505)
(4096, 139.6931359078735) +- (0.36179417557567883, 0.36179417557567883)
(16384, 550.0784636009485) +- (0.6001585029065124, 0.6001585029065124)
(65536, 2194.9320807587355) +- (0.5299262613919296, 0.5299262613919296)
(262144, 8773.972541000694) +- (1.045773288017724, 1.045773288017724)
(1048576, 35089.925228245556) +- (2.518814697148692, 2.518814697148692)
(4194304, 70174.33689436875) +- (2.666200076262791, 2.666200076262791)
(16777216, 140338.13417758793) +- (1.2779747293476398, 1.2779747293476398)

4-5
(1, 3.139173425734043) +- (0.4993162174893749, 0.4993162174893749)
(4, 3.3606870099902153) +- (0.8287761223293388, 0.8287761223293388)
(16, 3.212338872253895) +- (0.8063851628922309, 0.8063851628922309)
(64, 3.4053500276058912) +- (0.4586578445196508, 0.4586578445196508)
(256, 4.17728740721941) +- (0.8226532192591993, 0.8226532192591993)
(1024, 3.7413962185382843) +- (0.4073984943284784, 0.4073984943284784)
(4096, 5.053642857819796) +- (0.6043946719434925, 0.6043946719434925)
(16384, 4.7176506370306015) +- (0.7976327071091054, 0.7976327071091054)
(65536, 5.856340052559972) +- (1.7515307922530696, 1.7515307922530696)
(262144, 5.746795795857906) +- (2.196862568937717, 2.196862568937717)
(1048576, 13.539160182699561) +- (4.087305996578031, 4.087305996578031)
(4194304, 12.045611022040248) +- (4.231317451347991, 4.231317451347991)
(16777216, 3.5988999530673027) +- (0.5237902669334221, 0.5237902669334221)

