1-4
(1, 0.0) +- (0.0, 0.0)
(4, 0.0) +- (0.0, 0.0)
(16, 0.0) +- (0.0, 0.0)
(64, 0.0) +- (0.0, 0.0)
(256, 0.0) +- (0.0, 0.0)
(1024, 0.0) +- (0.0, 0.0)
(4096, 0.0) +- (0.0, 0.0)
(16384, 0.0) +- (0.0, 0.0)
(65536, 0.0) +- (0.0, 0.0)
(262144, 0.0) +- (0.0, 0.0)
(1048576, 0.0) +- (0.0, 0.0)
(4194304, 0.0) +- (0.0, 0.0)
(16777216, 0.0) +- (0.0, 0.0)

1-2
(1, -0.10500335279509962) +- (0.027761248827780537, 0.027761248827780537)
(4, -0.11047473576539381) +- (0.03515886394544028, 0.03515886394544028)
(16, -0.15469712780001135) +- (0.046703559732522486, 0.046703559732522486)
(64, -0.16108191364935248) +- (0.01565717789955408, 0.01565717789955408)
(256, -0.14211635047103607) +- (0.027414156013385604, 0.027414156013385604)
(1024, -0.13196527493259658) +- (0.02723858033157017, 0.02723858033157017)
(4096, -0.12722064493580074) +- (0.028575152984155958, 0.028575152984155958)
(16384, -0.12304095954513146) +- (0.021311285572989943, 0.021311285572989943)
(65536, -0.11044685172931398) +- (0.02708614259791333, 0.02708614259791333)
(262144, -0.10936828340659938) +- (0.03872078817627475, 0.03872078817627475)
(1048576, -0.11882082292554864) +- (0.03304750800062657, 0.03304750800062657)
(4194304, -0.10161379710594202) +- (0.022805213125843313, 0.022805213125843313)
(16777216, -0.22491191056998389) +- (0.00794278213390468, 0.00794278213390468)

2-3
(1, 0.0) +- (0.0, 0.0)
(4, 0.0) +- (0.0, 0.0)
(16, 0.0) +- (0.0, 0.0)
(64, 0.0) +- (0.0, 0.0)
(256, 0.0) +- (0.0, 0.0)
(1024, 0.0) +- (0.0, 0.0)
(4096, 0.0) +- (0.0, 0.0)
(16384, 0.0) +- (0.0, 0.0)
(65536, 0.0) +- (0.0, 0.0)
(262144, 0.0) +- (0.0, 0.0)
(1048576, 0.0) +- (0.0, 0.0)
(4194304, 0.0) +- (0.0, 0.0)
(16777216, 0.0) +- (0.0, 0.0)

3-4
(1, 0.2828206816788742) +- (0.0669344286027527, 0.0669344286027527)
(4, 0.2917564765292978) +- (0.07766877864954154, 0.07766877864954154)
(16, 0.29412346690149566) +- (0.04201818772259524, 0.04201818772259524)
(64, 0.3047941519164993) +- (0.06543811224886326, 0.06543811224886326)
(256, 0.29548981547663566) +- (0.06439447626082324, 0.06439447626082324)
(1024, 0.2782431036720948) +- (0.04084187438195007, 0.04084187438195007)
(4096, 0.23806750418318962) +- (0.032191511181312006, 0.032191511181312006)
(16384, 0.24208380658817136) +- (0.053078492254762105, 0.053078492254762105)
(65536, 0.23980758868743424) +- (0.0513697882590297, 0.0513697882590297)
(262144, 0.21223288703772306) +- (0.04916451802662313, 0.04916451802662313)
(1048576, 0.13847180930045125) +- (0.06568966244935157, 0.06568966244935157)
(4194304, 0.10583999530633835) +- (0.017857906444928528, 0.017857906444928528)
(16777216, 0.33361054721786726) +- (0.01941356945858312, 0.01941356945858312)

