1-5
(1, 0.0) +- (0.0, 0.0)
(4, 0.0) +- (0.0, 0.0)
(16, 0.0) +- (0.0, 0.0)
(64, 0.0) +- (0.0, 0.0)
(256, 0.0) +- (0.0, 0.0)
(1024, 0.0) +- (0.0, 0.0)
(4096, 0.0) +- (0.0, 0.0)
(16384, 0.0) +- (0.0, 0.0)
(65536, 0.0) +- (0.0, 0.0)
(262144, 0.0) +- (0.0, 0.0)
(1048576, 0.0) +- (0.0, 0.0)
(4194304, 0.0) +- (0.0, 0.0)
(16777216, 0.0) +- (0.0, 0.0)

1-2
(1, -0.15653170409046266) +- (0.04387627350533515, 0.04387627350533515)
(4, -0.12112971010963335) +- (0.029700202507716877, 0.029700202507716877)
(16, -0.11203022173145856) +- (0.03931969326870808, 0.03931969326870808)
(64, -0.14363975859911202) +- (0.016600661434770295, 0.016600661434770295)
(256, -0.13673729327519404) +- (0.020067775725295747, 0.020067775725295747)
(1024, -0.15525568894697991) +- (0.01831076134555856, 0.01831076134555856)
(4096, -0.12149185689283096) +- (0.051062023276489864, 0.051062023276489864)
(16384, -0.12669416172613684) +- (0.035916195797580416, 0.035916195797580416)
(65536, -0.1337545863382984) +- (0.021587492462370957, 0.021587492462370957)
(262144, -0.11009694483479146) +- (0.01991329757849305, 0.01991329757849305)
(1048576, -0.11893440098638082) +- (0.016086141336422985, 0.016086141336422985)
(4194304, -0.10874790187100283) +- (0.029527953889459533, 0.029527953889459533)
(16777216, -0.13622125411561437) +- (0.009281072924308256, 0.009281072924308256)

2-3
(1, 0.0) +- (0.0, 0.0)
(4, 0.0) +- (0.0, 0.0)
(16, 0.0) +- (0.0, 0.0)
(64, 0.0) +- (0.0, 0.0)
(256, 0.0) +- (0.0, 0.0)
(1024, 0.0) +- (0.0, 0.0)
(4096, 0.0) +- (0.0, 0.0)
(16384, 0.0) +- (0.0, 0.0)
(65536, 0.0) +- (0.0, 0.0)
(262144, 0.0) +- (0.0, 0.0)
(1048576, 0.0) +- (0.0, 0.0)
(4194304, 0.0) +- (0.0, 0.0)
(16777216, 0.0) +- (0.0, 0.0)

3-4
(1, 0.0) +- (0.0, 0.0)
(4, 0.0) +- (0.0, 0.0)
(16, 0.0) +- (0.0, 0.0)
(64, 0.0) +- (0.0, 0.0)
(256, 0.0) +- (0.0, 0.0)
(1024, 0.0) +- (0.0, 0.0)
(4096, 0.0) +- (0.0, 0.0)
(16384, 0.0) +- (0.0, 0.0)
(65536, 0.0) +- (0.0, 0.0)
(262144, 0.0) +- (0.0, 0.0)
(1048576, 0.0) +- (0.0, 0.0)
(4194304, 0.0) +- (0.0, 0.0)
(16777216, 0.0) +- (0.0, 0.0)

4-5
(1, 0.3175687437735766) +- (0.05112761566746662, 0.05112761566746662)
(4, 0.30669358311916084) +- (0.083415273338017, 0.083415273338017)
(16, 0.3238942851182559) +- (0.10035926869188622, 0.10035926869188622)
(64, 0.2910096488014474) +- (0.039578259548787006, 0.039578259548787006)
(256, 0.24078551093798298) +- (0.04473453953706229, 0.04473453953706229)
(1024, 0.26328642586762746) +- (0.026115355266594004, 0.026115355266594004)
(4096, 0.1956725949096627) +- (0.02554515379481045, 0.02554515379481045)
(16384, 0.21189569356978485) +- (0.03643734986009175, 0.03643734986009175)
(65536, 0.17682917648029767) +- (0.042690196982173044, 0.042690196982173044)
(262144, 0.18655131210898862) +- (0.056590758139201745, 0.056590758139201745)
(1048576, 0.07653476374663849) +- (0.018613341370681696, 0.018613341370681696)
(4194304, 0.08980913749056678) +- (0.03320140648508848, 0.03320140648508848)
(16777216, 0.2754791643519673) +- (0.03556707227435814, 0.03556707227435814)

