1-4
(1, 56.94256201386452) +- (10.253920334726534, 10.253920334726534)
(4, 49.8449191916734) +- (5.800508193182985, 5.800508193182985)
(16, 52.943922812119126) +- (4.652147109521051, 4.652147109521051)
(64, 51.517071994021535) +- (5.146023866712787, 5.146023866712787)
(256, 54.79557062499225) +- (4.226712620787738, 4.226712620787738)
(1024, 74.46282282471657) +- (2.207640228390087, 2.207640228390087)
(4096, 178.52322245016694) +- (4.3869257366266625, 4.3869257366266625)
(16384, 588.7165889609605) +- (3.241871459400125, 3.241871459400125)
(65536, 2234.144546976313) +- (2.1218027227443175, 2.1218027227443175)
(262144, 8817.356793070212) +- (6.71673245764788, 6.71673245764788)
(1048576, 35201.83781902306) +- (65.72495710117937, 65.72495710117937)
(4194304, 70254.25719800405) +- (77.67550084824893, 77.67550084824893)
(16777216, 140373.5670916736) +- (5.383664822588718, 5.383664822588718)

1-2
(1, 9.775224654003978) +- (2.286272513433464, 2.286272513433464)
(4, 9.500971622765064) +- (2.6679207890336483, 2.6679207890336483)
(16, 6.969153182581067) +- (2.8118659777147936, 2.8118659777147936)
(64, 6.112803798168898) +- (0.6481471541273858, 0.6481471541273858)
(256, 7.103053061291575) +- (1.5148775248199473, 1.5148775248199473)
(1024, 7.641024980694056) +- (1.4758146403964065, 1.4758146403964065)
(4096, 8.012656075879931) +- (1.9013862521903535, 1.9013862521903535)
(16384, 8.151826448738575) +- (1.570211556239013, 1.570211556239013)
(65536, 9.35432598926127) +- (2.653689931567419, 2.653689931567419)
(262144, 9.839842980727553) +- (3.24175076176405, 3.24175076176405)
(1048576, 8.803753042593598) +- (2.7383978070047688, 2.7383978070047688)
(4194304, 10.071750823408365) +- (2.6096044676067867, 2.6096044676067867)
(16777216, 4.346252791583538) +- (0.15136424966946463, 0.15136424966946463)

2-3
(1, 43.515562172979116) +- (7.297256651082871, 7.297256651082871)
(4, 36.79824857972562) +- (2.873088403395116, 2.873088403395116)
(16, 42.60214380919933) +- (3.8868209643192344, 3.8868209643192344)
(64, 42.07190400920808) +- (5.208140930551751, 5.208140930551751)
(256, 44.25861877389252) +- (4.005249073400295, 4.005249073400295)
(1024, 63.25701083987951) +- (3.102453011699068, 3.102453011699068)
(4096, 166.34302455931902) +- (3.2419824119444036, 3.2419824119444036)
(16384, 576.3722959440202) +- (2.1872497515236335, 2.1872497515236335)
(65536, 2220.555096399039) +- (1.228577659086964, 1.228577659086964)
(262144, 8802.690920419991) +- (5.40227821338512, 5.40227821338512)
(1048576, 35185.015987511724) +- (69.26115789544357, 69.26115789544357)
(4194304, 70234.70830181614) +- (73.52377973675823, 73.52377973675823)
(16777216, 140366.28547534347) +- (5.349234239794697, 5.349234239794697)

3-4
(1, 3.651775186881423) +- (1.0677550125054418, 1.0677550125054418)
(4, 3.5456989891827106) +- (0.9396451030154789, 0.9396451030154789)
(16, 3.372625820338726) +- (0.459562315820565, 0.459562315820565)
(64, 3.332364186644554) +- (0.7578558904286078, 0.7578558904286078)
(256, 3.433898789808154) +- (0.7488168366239316, 0.7488168366239316)
(1024, 3.5647870041429996) +- (0.47221420288004323, 0.47221420288004323)
(4096, 4.16754181496799) +- (0.6091395194102794, 0.6091395194102794)
(16384, 4.19246656820178) +- (0.9116989627473238, 0.9116989627473238)
(65536, 4.235124588012695) +- (0.9541074038397659, 0.9541074038397659)
(262144, 4.826029669493437) +- (1.247675812132806, 1.247675812132806)
(1048576, 8.018078468739986) +- (2.6052268336723197, 2.6052268336723197)
(4194304, 9.477145364508033) +- (1.874733765780604, 1.874733765780604)
(16777216, 2.9353635385632515) +- (0.17427255687742427, 0.17427255687742427)

