1-2
(1, 6.74833357334137) +- (0.6536442794487161, 0.6536442794487161)
(4, 6.014536134898663) +- (0.9111426754294535, 0.9111426754294535)
(16, 7.45970020070672) +- (1.6008570232573651, 1.6008570232573651)
(64, 6.7741927690804005) +- (0.9668149334083905, 0.9668149334083905)
(256, 9.595631528645754) +- (0.47543404836210235, 0.47543404836210235)
(1024, 30.055955797433853) +- (0.5643003218785032, 0.5643003218785032)
(4096, 135.6774409301579) +- (3.6060457366991603, 3.6060457366991603)
(16384, 547.7457803674042) +- (0.9757482538327457, 0.9757482538327457)
(65536, 2189.1570700332522) +- (1.1399003695562102, 1.1399003695562102)
(262144, 8768.400840368122) +- (1.9423475548395495, 1.9423475548395495)
(1048576, 35081.33386699483) +- (1.131511813594575, 1.131511813594575)
(4194304, 70166.54099216685) +- (1.42192907690634, 1.42192907690634)
(16777216, 137974.9677905813) +- (5359.2787747323655, 5359.2787747323655)

