1-2
(1, 6.686967052519321) +- (0.8332315046092733, 0.8332315046092733)
(4, 6.970640830695629) +- (0.8576809040872588, 0.8576809040872588)
(16, 7.639286946505308) +- (0.7477271656200671, 0.7477271656200671)
(64, 8.075654692947865) +- (0.4711773101650224, 0.4711773101650224)
(256, 12.329549808055162) +- (1.6536156032975484, 1.6536156032975484)
(1024, 32.34717985615134) +- (2.787963566251762, 2.787963566251762)
(4096, 142.751775495708) +- (7.205129914560293, 7.205129914560293)
(16384, 569.4075452163815) +- (9.003622316240396, 9.003622316240396)
(65536, 2234.7626802511513) +- (3.63731759057013, 3.63731759057013)
(262144, 9024.769820831716) +- (153.07876355462784, 153.07876355462784)
(1048576, 35812.96151895076) +- (68.40426357296705, 68.40426357296705)
(4194304, 71563.58366673812) +- (92.44672387878059, 92.44672387878059)

