1-2
(1, 8.015394676476717) +- (3.11903271337965, 3.11903271337965)
(4, 5.644227145239711) +- (1.5066935840792413, 1.5066935840792413)
(16, 6.85330992564559) +- (1.5394005454084398, 1.5394005454084398)
(64, 7.669090060517192) +- (2.862827613062432, 2.862827613062432)
(256, 8.636770769953728) +- (3.5370109105266963, 3.5370109105266963)
(1024, 30.754707055166364) +- (0.8919558632190077, 0.8919558632190077)
(4096, 133.4667622577399) +- (0.556643550261303, 0.556643550261303)
(16384, 545.3858233522624) +- (1.088698322655151, 1.088698322655151)
(65536, 2189.388265600428) +- (1.7070938721504392, 1.7070938721504392)
(262144, 8767.257897183299) +- (0.9033693756686727, 0.9033693756686727)
(1048576, 35081.55451109633) +- (2.793632538820113, 2.793632538820113)
(4194304, 70168.727415381) +- (4.470251618563965, 4.470251618563965)
(16777216, 140334.30407871492) +- (0.6996527667906204, 0.6996527667906204)
(67108864, 210545.70802021772) +- (79.47024052430422, 79.47024052430422)
(268435456, 232274.34529247694) +- (96799.20625090714, 96799.20625090714)

