1-2
(1, 6.747709354385734) +- (2.0127047179994624, 2.0127047179994624)
(4, 5.643506767228246) +- (1.9210402683257302, 1.9210402683257302)
(16, 6.7810253240168095) +- (1.2949361949275489, 1.2949361949275489)
(64, 6.864201044663787) +- (2.060880065922302, 2.060880065922302)
(256, 9.458164684474468) +- (1.640786321598398, 1.640786321598398)
(1024, 30.548047740012407) +- (1.3291774199529607, 1.3291774199529607)
(4096, 140.60212927870452) +- (3.5596902321399484, 3.5596902321399484)
(16384, 551.9457254558802) +- (3.8225736775209596, 3.8225736775209596)
(65536, 2251.1470180470496) +- (4.845818070891631, 4.845818070891631)
(262144, 8977.986325742677) +- (9.172983406853728, 9.172983406853728)
(1048576, 35855.395081685856) +- (114.42870650542102, 114.42870650542102)
(4194304, 72066.51818891987) +- (659.9266433139215, 659.9266433139215)
(16777216, 144493.78638109192) +- (975.0838153186652, 975.0838153186652)
(67108864, 216971.009982517) +- (1009.4612764925658, 1009.4612764925658)

