(1, 18.1) +- (4.2282121254470875, 4.2282121254470875) 
(4, 24.6) +- (6.077280093375106, 6.077280093375106) 
(16, 31.5) +- (4.881939505292269, 4.881939505292269) 
(64, 42.2) +- (8.534895690308373, 8.534895690308373) 
(256, 50.3) +- (6.880729935438859, 6.880729935438859) 
(1024, 63.6) +- (6.095535707019979, 6.095535707019979) 
(4096, 81) +- (28.122746823325933, 28.122746823325933) 
(16384, 206.8) +- (11.292081788187291, 11.292081788187291) 
(65536, 763.1) +- (20.754919095642524, 20.754919095642524) 

(1, 25) +- (9.16515138991168, 9.16515138991168) 
(4, 26.2) +- (9.437513796899408, 9.437513796899408) 
(16, 31.4) +- (14.576998624164334, 14.576998624164334) 
(64, 27.2) +- (0.6324555320336759, 0.6324555320336759) 
(256, 39.8) +- (16.778292854492413, 16.778292854492413) 
(1024, 45.9) +- (0.8755950357709131, 0.8755950357709131) 
(4096, 105.6) +- (18.945535973767893, 18.945535973767893) 
(16384, 305.4) +- (20.36445705416943, 20.36445705416943) 
(65536, 1091.3) +- (16.069640112128628, 16.069640112128628) 
