Task T1 
(1, 0.0752641201019287) +- (0.0056220643295404665, 0.0056220643295404665) 
(4, 0.0745729684829712) +- (0.007216201426093279, 0.007216201426093279) 
(16, 0.11717767715454101) +- (0.0860729969740956, 0.0860729969740956) 
(64, 0.0850189208984375) +- (0.02586487113180651, 0.02586487113180651) 
(256, 0.08222205638885498) +- (0.004841910323625842, 0.004841910323625842) 
(1024, 0.29196910858154296) +- (0.28938889444589044, 0.28938889444589044) 
(4096, 0.21519832611083983) +- (0.041858508170122204, 0.041858508170122204) 
(16384, 0.8000527858734131) +- (0.07046224948745401, 0.07046224948745401) 
(65536, 3.2566617250442507) +- (0.5863013901906257, 0.5863013901906257) 

(1, 0.06735997200012207) +- (0.015156326735809904, 0.015156326735809904) 
(4, 0.06703460216522217) +- (0.008554548305407588, 0.008554548305407588) 
(16, 0.06566109657287597) +- (0.008799128615746785, 0.008799128615746785) 
(64, 0.06968066692352295) +- (0.009055006624092041, 0.009055006624092041) 
(256, 0.07527327537536621) +- (0.008793845965034597, 0.008793845965034597) 
(1024, 0.10064196586608887) +- (0.013932857987264537, 0.013932857987264537) 
(4096, 0.14341325759887696) +- (0.00836271808318596, 0.00836271808318596) 
(16384, 0.3683022975921631) +- (0.012344306022783406, 0.012344306022783406) 
(65536, 1.1825326204299926) +- (0.021483153038296558, 0.021483153038296558) 

Task T2 
(1, 0.06990971565246581) +- (0.017953868252441628, 0.017953868252441628) 
(4, 0.07782497406005859) +- (0.045619536415638325, 0.045619536415638325) 
(16, 0.0982661485671997) +- (0.10698892004221576, 0.10698892004221576) 
(64, 0.07949419021606445) +- (0.04624223807922013, 0.04624223807922013) 
(256, 0.08250348567962647) +- (0.023432309767173868, 0.023432309767173868) 
(1024, 0.11527712345123291) +- (0.03376129312157039, 0.03376129312157039) 
(4096, 0.22233808040618896) +- (0.1518458745035381, 0.1518458745035381) 
(16384, 0.423838472366333) +- (0.07630186330195893, 0.07630186330195893) 
(65536, 1.7071049451828002) +- (0.5311065142136673, 0.5311065142136673) 

(1, 0.05197432041168213) +- (0.006582160203196691, 0.006582160203196691) 
(4, 0.052223801612854004) +- (0.011397291531325097, 0.011397291531325097) 
(16, 0.05719063282012939) +- (0.019669185799916316, 0.019669185799916316) 
(64, 0.054022574424743654) +- (0.010691203829929071, 0.010691203829929071) 
(256, 0.05738246440887451) +- (0.007562099859547624, 0.007562099859547624) 
(1024, 0.07316975593566895) +- (0.006459043706087753, 0.006459043706087753) 
(4096, 0.1228299617767334) +- (0.008140170219563446, 0.008140170219563446) 
(16384, 0.3595484972000122) +- (0.020378208211270146, 0.020378208211270146) 
(65536, 1.204356074333191) +- (0.05016403848144108, 0.05016403848144108) 

Task T3 
(1, 0.14231154918670655) +- (0.027087648595439207, 0.027087648595439207) 
(4, 0.17006258964538573) +- (0.12663895839795458, 0.12663895839795458) 
(16, 0.11853010654449463) +- (0.01643019944727111, 0.01643019944727111) 
(64, 0.12412488460540771) +- (0.013578530869420926, 0.013578530869420926) 
(256, 0.14725375175476074) +- (0.03260352562925056, 0.03260352562925056) 
(1024, 0.4662766456604004) +- (0.39570014275556903, 0.39570014275556903) 
(4096, 0.6212721586227417) +- (0.06119950342305918, 0.06119950342305918) 
(16384, 2.0483097314834593) +- (0.08207253081851379, 0.08207253081851379) 
(65536, 8.035325646400452) +- (0.6362821397225372, 0.6362821397225372) 

(1, 0.14322316646575928) +- (0.01976837157509139, 0.01976837157509139) 
(4, 0.1392181396484375) +- (0.022359380736246638, 0.022359380736246638) 
(16, 0.14301140308380128) +- (0.02543087456665591, 0.02543087456665591) 
(64, 0.1690640926361084) +- (0.04361190994785649, 0.04361190994785649) 
(256, 0.17235100269317627) +- (0.01805230354599769, 0.01805230354599769) 
(1024, 0.2133103609085083) +- (0.038858592371046524, 0.038858592371046524) 
(4096, 0.3857360601425171) +- (0.05209069446372027, 0.05209069446372027) 
(16384, 0.9194153070449829) +- (0.10910599503865942, 0.10910599503865942) 
(65536, 2.9566792011260987) +- (0.14139770558971035, 0.14139770558971035) 

Task T4 
(1, 4.055545353889466) +- (12.670329250745269, 12.670329250745269) 
(4, 4.06161515712738) +- (12.683266548994848, 12.683266548994848) 
(16, 4.083422040939331) +- (12.754732042505184, 12.754732042505184) 
(64, 4.065870833396912) +- (12.687446609946635, 12.687446609946635) 
(256, 4.063250255584717) +- (12.679940322124475, 12.679940322124475) 
(1024, 4.10102481842041) +- (12.592271602770913, 12.592271602770913) 
(4096, 4.154582929611206) +- (12.6422595735123, 12.6422595735123) 
(16384, 4.391432666778565) +- (12.655021585033037, 12.655021585033037) 
(65536, 4.109518027305603) +- (8.199247230035537, 8.199247230035537) 

(1, 0.04972102642059326) +- (0.008234450378431266, 0.008234450378431266) 
(4, 0.06155388355255127) +- (0.026674895876308592, 0.026674895876308592) 
(16, 0.05381386280059815) +- (0.011117821784041396, 0.011117821784041396) 
(64, 0.056182050704956056) +- (0.008250071618020702, 0.008250071618020702) 
(256, 0.06075074672698975) +- (0.016997264766171496, 0.016997264766171496) 
(1024, 0.07495312690734864) +- (0.009054124905367516, 0.009054124905367516) 
(4096, 0.12975618839263917) +- (0.013820962506832762, 0.013820962506832762) 
(16384, 0.3487194061279297) +- (0.02377711371575134, 0.02377711371575134) 
(65536, 1.1784070253372192) +- (0.0352898707760182, 0.0352898707760182) 

Task T5 
(1, 0.16399731636047363) +- (0.07945360494392562, 0.07945360494392562) 
(4, 0.12813587188720704) +- (0.044331888658518115, 0.044331888658518115) 
(16, 0.13598971366882323) +- (0.025983771050473593, 0.025983771050473593) 
(64, 0.14681086540222169) +- (0.08542591280824839, 0.08542591280824839) 
(256, 0.1663419246673584) +- (0.034021339426032166, 0.034021339426032166) 
(1024, 0.2708566665649414) +- (0.19863296150228654, 0.19863296150228654) 
(4096, 0.5460937738418579) +- (0.1346776895117286, 0.1346776895117286) 
(16384, 1.6597763299942017) +- (0.09298156172303502, 0.09298156172303502) 
(65536, 6.748042201995849) +- (0.7087066218792565, 0.7087066218792565) 

(1, 0.11087496280670166) +- (0.007243598618885685, 0.007243598618885685) 
(4, 0.11681609153747559) +- (0.015281963408531135, 0.015281963408531135) 
(16, 0.11898045539855957) +- (0.016621229856437977, 0.016621229856437977) 
(64, 0.11185302734375) +- (0.010656952297360531, 0.010656952297360531) 
(256, 0.1357168197631836) +- (0.019945784877033513, 0.019945784877033513) 
(1024, 0.17280817031860352) +- (0.019814948309914482, 0.019814948309914482) 
(4096, 0.28029770851135255) +- (0.017343604079470918, 0.017343604079470918) 
(16384, 0.6954727888107299) +- (0.025575256700389373, 0.025575256700389373) 
(65536, 2.335465669631958) +- (0.06397786255249852, 0.06397786255249852) 

Task T6 
(1, 0.052908134460449216) +- (0.009263235495336721, 0.009263235495336721) 
(4, 0.05304386615753174) +- (0.007344110601591333, 0.007344110601591333) 
(16, 0.052589130401611325) +- (0.0043293108483391865, 0.0043293108483391865) 
(64, 0.054126858711242676) +- (0.005553416708531608, 0.005553416708531608) 
(256, 0.067006516456604) +- (0.012055692064952305, 0.012055692064952305) 
(1024, 0.12559952735900878) +- (0.13102672801463228, 0.13102672801463228) 
(4096, 0.12466516494750976) +- (0.012129077593948582, 0.012129077593948582) 
(16384, 0.35070226192474363) +- (0.057730057765184896, 0.057730057765184896) 
(65536, 1.4796422481536866) +- (0.14929623508289214, 0.14929623508289214) 

(1, 0.04721813201904297) +- (0.004983468622767768, 0.004983468622767768) 
(4, 0.04801185131072998) +- (0.003308623233215699, 0.003308623233215699) 
(16, 0.049643754959106445) +- (0.008406624105348402, 0.008406624105348402) 
(64, 0.0599043607711792) +- (0.013094571732123911, 0.013094571732123911) 
(256, 0.061391019821166994) +- (0.012225277021102742, 0.012225277021102742) 
(1024, 0.0702214241027832) +- (0.00793118713191681, 0.00793118713191681) 
(4096, 0.14348294734954833) +- (0.03026185689071188, 0.03026185689071188) 
(16384, 0.3409862995147705) +- (0.022518324382521236, 0.022518324382521236) 
(65536, 1.1666594743728638) +- (0.04090083370655078, 0.04090083370655078) 

