(1, 4.55993618965149) +- (12.720079397176516, 12.720079397176516) 
(4, 4.565255427360535) +- (12.900469666017125, 12.900469666017125) 
(16, 4.605974817276001) +- (12.881717445868288, 12.881717445868288) 
(64, 4.5554465532302855) +- (12.82756227443913, 12.82756227443913) 
(256, 4.608577990531922) +- (12.745004418889131, 12.745004418889131) 
(1024, 5.371003890037537) +- (12.559116616986616, 12.559116616986616) 
(4096, 5.884150433540344) +- (12.770307666886163, 12.770307666886163) 
(16384, 9.674112248420716) +- (12.767287342936482, 12.767287342936482) 
(65536, 25.33629479408264) +- (8.515212218591717, 8.515212218591717) 

(1, 0.47037158012390134) +- (0.0338673541129338, 0.0338673541129338) 
(4, 0.4848583698272705) +- (0.023147290366496775, 0.023147290366496775) 
(16, 0.4883012056350708) +- (0.03363363200476123, 0.03363363200476123) 
(64, 0.5207067728042603) +- (0.05440992830521473, 0.05440992830521473) 
(256, 0.5628653287887573) +- (0.038180646980186944, 0.038180646980186944) 
(1024, 0.7051048040390014) +- (0.04262282891422877, 0.04262282891422877) 
(4096, 1.2055161237716674) +- (0.039902551129576476, 0.039902551129576476) 
(16384, 3.0324445962905884) +- (0.11052098205062763, 0.11052098205062763) 
(65536, 10.024100065231323) +- (0.2364613579323825, 0.2364613579323825) 
