1-8
(1, 0.0) +- (0.0, 0.0)
(4, 0.0) +- (0.0, 0.0)
(16, 0.0) +- (0.0, 0.0)
(64, 0.0) +- (0.0, 0.0)
(256, 0.0) +- (0.0, 0.0)
(1024, 0.0) +- (0.0, 0.0)
(4096, 0.0) +- (0.0, 0.0)
(16384, 0.0) +- (0.0, 0.0)
(65536, 0.0) +- (0.0, 0.0)
(262144, 0.0) +- (0.0, 0.0)
(1048576, 0.0) +- (0.0, 0.0)
(4194304, 0.0) +- (0.0, 0.0)

1-2
(1, 0.0) +- (0.0, 0.0)
(4, 0.0) +- (0.0, 0.0)
(16, 0.0) +- (0.0, 0.0)
(64, 0.0) +- (0.0, 0.0)
(256, 0.0) +- (0.0, 0.0)
(1024, 0.0) +- (0.0, 0.0)
(4096, 0.0) +- (0.0, 0.0)
(16384, 0.0) +- (0.0, 0.0)
(65536, 0.0) +- (0.0, 0.0)
(262144, 0.0) +- (0.0, 0.0)
(1048576, 0.0) +- (0.0, 0.0)
(4194304, 0.0) +- (0.0, 0.0)

2-3
(1, 0.0) +- (0.0, 0.0)
(4, 0.0) +- (0.0, 0.0)
(16, 0.0) +- (0.0, 0.0)
(64, 0.0) +- (0.0, 0.0)
(256, 0.0) +- (0.0, 0.0)
(1024, 0.0) +- (0.0, 0.0)
(4096, 0.0) +- (0.0, 0.0)
(16384, 0.0) +- (0.0, 0.0)
(65536, 0.0) +- (0.0, 0.0)
(262144, 0.0) +- (0.0, 0.0)
(1048576, 0.0) +- (0.0, 0.0)
(4194304, 0.0) +- (0.0, 0.0)

3-4
(1, 0.0) +- (0.0, 0.0)
(4, 0.0) +- (0.0, 0.0)
(16, 0.0) +- (0.0, 0.0)
(64, 0.0) +- (0.0, 0.0)
(256, 0.0) +- (0.0, 0.0)
(1024, 0.0) +- (0.0, 0.0)
(4096, 0.0) +- (0.0, 0.0)
(16384, 0.0) +- (0.0, 0.0)
(65536, 0.0) +- (0.0, 0.0)
(262144, 0.0) +- (0.0, 0.0)
(1048576, 0.0) +- (0.0, 0.0)
(4194304, 0.0) +- (0.0, 0.0)

4-5
(1, 0.0) +- (0.0, 0.0)
(4, 0.0) +- (0.0, 0.0)
(16, 0.0) +- (0.0, 0.0)
(64, 0.0) +- (0.0, 0.0)
(256, 0.0) +- (0.0, 0.0)
(1024, 0.0) +- (0.0, 0.0)
(4096, 0.0) +- (0.0, 0.0)
(16384, 0.0) +- (0.0, 0.0)
(65536, 0.0) +- (0.0, 0.0)
(262144, 0.0) +- (0.0, 0.0)
(1048576, 0.0) +- (0.0, 0.0)
(4194304, 0.0) +- (0.0, 0.0)

5-6
(1, 0.0) +- (0.0, 0.0)
(4, 0.0) +- (0.0, 0.0)
(16, 0.0) +- (0.0, 0.0)
(64, 0.0) +- (0.0, 0.0)
(256, 0.0) +- (0.0, 0.0)
(1024, 0.0) +- (0.0, 0.0)
(4096, 0.0) +- (0.0, 0.0)
(16384, 0.0) +- (0.0, 0.0)
(65536, 0.0) +- (0.0, 0.0)
(262144, 0.0) +- (0.0, 0.0)
(1048576, 0.0) +- (0.0, 0.0)
(4194304, 0.0) +- (0.0, 0.0)

6-7
(1, 0.0) +- (0.0, 0.0)
(4, 0.0) +- (0.0, 0.0)
(16, 0.0) +- (0.0, 0.0)
(64, 0.0) +- (0.0, 0.0)
(256, 0.0) +- (0.0, 0.0)
(1024, 0.0) +- (0.0, 0.0)
(4096, 0.0) +- (0.0, 0.0)
(16384, 0.0) +- (0.0, 0.0)
(65536, 0.0) +- (0.0, 0.0)
(262144, 0.0) +- (0.0, 0.0)
(1048576, 0.0) +- (0.0, 0.0)
(4194304, 0.0) +- (0.0, 0.0)

7-8
(1, 0.0) +- (0.0, 0.0)
(4, 0.0) +- (0.0, 0.0)
(16, 0.0) +- (0.0, 0.0)
(64, 0.0) +- (0.0, 0.0)
(256, 0.0) +- (0.0, 0.0)
(1024, 0.0) +- (0.0, 0.0)
(4096, 0.0) +- (0.0, 0.0)
(16384, 0.0) +- (0.0, 0.0)
(65536, 0.0) +- (0.0, 0.0)
(262144, 0.0) +- (0.0, 0.0)
(1048576, 0.0) +- (0.0, 0.0)
(4194304, 0.0) +- (0.0, 0.0)

