1-8
(1, 70.79758774489164) +- (12.611010530215228, 12.611010530215228)
(4, 75.6590723991394) +- (22.325177853599293, 22.325177853599293)
(16, 77.63551827520132) +- (19.689198647294212, 19.689198647294212)
(64, 78.55459814891219) +- (22.56982348038811, 22.56982348038811)
(256, 88.9485239982605) +- (19.935359304398123, 19.935359304398123)
(1024, 87.40782672539353) +- (16.925428224459825, 16.925428224459825)
(4096, 160.55049411952496) +- (31.150836592251903, 31.150836592251903)
(16384, 261.88396038487554) +- (21.829017117005353, 21.829017117005353)
(65536, 1027.8000744059682) +- (102.99333426661214, 102.99333426661214)
(262144, 4695.088054891676) +- (756.3559788007369, 756.3559788007369)
(1048576, 11104.1223494336) +- (775.7881796461957, 775.7881796461957)
(4194304, 21032.778304163367) +- (286.84813512591745, 286.84813512591745)

1-2
(1, 8.984524197876453) +- (1.7204754156972857, 1.7204754156972857)
(4, 7.315395120531321) +- (1.2200507612103288, 1.2200507612103288)
(16, 6.190829910337925) +- (0.4928574751366998, 0.4928574751366998)
(64, 7.989499904215335) +- (1.4325684897240143, 1.4325684897240143)
(256, 9.422076679766178) +- (1.7267107351068245, 1.7267107351068245)
(1024, 7.6234739273786545) +- (1.4017822592257296, 1.4017822592257296)
(4096, 7.525565568357706) +- (1.3754372592722177, 1.3754372592722177)
(16384, 7.820676267147063) +- (2.8488462375187047, 2.8488462375187047)
(65536, 8.207687456160784) +- (2.47081188871172, 2.47081188871172)
(262144, 12.30506980791688) +- (1.1808742297462356, 1.1808742297462356)
(1048576, 9.803823567926884) +- (4.294945333966396, 4.294945333966396)
(4194304, 14.476431626826525) +- (2.458546335040387, 2.458546335040387)

2-3
(1, 21.475886553525925) +- (11.990939837526605, 11.990939837526605)
(4, 27.59833224117756) +- (20.52294502331946, 20.52294502331946)
(16, 30.408117827028036) +- (22.413742886718442, 22.413742886718442)
(64, 28.89882940798998) +- (23.74215173530585, 23.74215173530585)
(256, 39.67475462704897) +- (16.70065344129999, 16.70065344129999)
(1024, 39.930646773427725) +- (10.615566485812284, 10.615566485812284)
(4096, 112.92259069159627) +- (27.830139491548476, 27.830139491548476)
(16384, 213.50648505613208) +- (24.74501128402101, 24.74501128402101)
(65536, 978.2167648896575) +- (96.17964356053157, 96.17964356053157)
(262144, 4629.323524143547) +- (763.3567561223836, 763.3567561223836)
(1048576, 11030.789898894727) +- (771.7764259879742, 771.7764259879742)
(4194304, 20959.63877364993) +- (282.93562902801415, 282.93562902801415)

3-4
(1, 12.612003739923239) +- (2.0144813977284417, 2.0144813977284417)
(4, 12.965346314013004) +- (3.18445252982178, 3.18445252982178)
(16, 12.604228965938091) +- (2.5561047376342447, 2.5561047376342447)
(64, 11.107282619923353) +- (1.495600878375056, 1.495600878375056)
(256, 13.163388427346945) +- (2.3597713889691136, 2.3597713889691136)
(1024, 11.732820607721806) +- (1.9435087638463924, 1.9435087638463924)
(4096, 11.612489726394415) +- (3.068035567474379, 3.068035567474379)
(16384, 11.064686346799135) +- (2.6438662705815483, 2.6438662705815483)
(65536, 10.55017476901412) +- (1.2455829298942265, 1.2455829298942265)
(262144, 15.587421879172325) +- (3.360755522669089, 3.360755522669089)
(1048576, 13.679727725684643) +- (1.4925981890691018, 1.4925981890691018)
(4194304, 17.221510782837868) +- (6.256176498896646, 6.256176498896646)

4-5
(1, 3.89857841655612) +- (0.7526397897710098, 0.7526397897710098)
(4, 3.5076583735644817) +- (0.402372385098937, 0.402372385098937)
(16, 4.281021561473608) +- (0.881302023056928, 0.881302023056928)
(64, 3.631508070975542) +- (0.4293562571684555, 0.4293562571684555)
(256, 4.292948916554451) +- (0.2612850489121672, 0.2612850489121672)
(1024, 4.2521921917796135) +- (1.2774139141957557, 1.2774139141957557)
(4096, 3.252233285456896) +- (0.3586421895412648, 0.3586421895412648)
(16384, 3.310208860784769) +- (0.31499953191682195, 0.31499953191682195)
(65536, 3.545648604631424) +- (1.0689887601274566, 1.0689887601274566)
(262144, 7.872286159545183) +- (9.577262218928409, 9.577262218928409)
(1048576, 3.7161714397370815) +- (0.9334139252427678, 0.9334139252427678)
(4194304, 4.030788782984018) +- (2.3794666346999587, 2.3794666346999587)

5-6
(1, 8.996614906936884) +- (0.8536605129387728, 0.8536605129387728)
(4, 8.375552203506231) +- (0.658352744822696, 0.658352744822696)
(16, 9.074630308896303) +- (0.8851542995403601, 0.8851542995403601)
(64, 9.54679325222969) +- (1.3808473896854085, 1.3808473896854085)
(256, 9.539723210036755) +- (0.7875120132021608, 0.7875120132021608)
(1024, 10.310828406363726) +- (1.7774096479416202, 1.7774096479416202)
(4096, 10.59073954820633) +- (1.4719386052274313, 1.4719386052274313)
(16384, 13.439564686268568) +- (5.0858698933857, 5.0858698933857)
(65536, 10.932893585413694) +- (1.4546828664293134, 1.4546828664293134)
(262144, 11.360580567270517) +- (4.165085790347231, 4.165085790347231)
(1048576, 23.705938272178173) +- (11.781637910035474, 11.781637910035474)
(4194304, 20.876908767968416) +- (6.878190089314413, 6.878190089314413)

6-7
(1, 11.494576092809439) +- (2.7573605363008458, 2.7573605363008458)
(4, 10.888122208416462) +- (3.3632622613941585, 3.3632622613941585)
(16, 9.86165450885892) +- (1.9966372583605003, 1.9966372583605003)
(64, 11.534604988992214) +- (4.2949411621681115, 4.2949411621681115)
(256, 9.214225504547358) +- (0.8265731502194484, 0.8265731502194484)
(1024, 9.986667800694704) +- (4.82386721378476, 4.82386721378476)
(4096, 9.365725889801979) +- (1.4093063418410048, 1.4093063418410048)
(16384, 8.964341878890991) +- (2.790022018734496, 2.790022018734496)
(65536, 10.434532817453146) +- (1.992094436733519, 1.992094436733519)
(262144, 10.028722882270813) +- (0.989949110309094, 0.989949110309094)
(1048576, 15.302807465195656) +- (5.498984134414923, 5.498984134414923)
(4194304, 10.368963982909918) +- (3.209922868194644, 3.209922868194644)

7-8
(1, 3.335403837263584) +- (0.38651308718719407, 0.38651308718719407)
(4, 5.0086659379303455) +- (4.502607406861659, 4.502607406861659)
(16, 5.215035192668438) +- (3.67856769321009, 3.67856769321009)
(64, 5.846079904586077) +- (3.8280440629423977, 3.8280440629423977)
(256, 3.6414066329598427) +- (0.7735445762355891, 0.7735445762355891)
(1024, 3.5711970180273056) +- (0.3836003512685025, 0.3836003512685025)
(4096, 5.281149409711361) +- (3.8545088138542662, 3.8545088138542662)
(16384, 3.77799728885293) +- (0.8284678562583564, 0.8284678562583564)
(65536, 5.912372283637524) +- (4.803445125241529, 4.803445125241529)
(262144, 8.610449451953173) +- (4.9417349537790045, 4.9417349537790045)
(1048576, 7.123982068151236) +- (4.254619178175902, 4.254619178175902)
(4194304, 6.164926569908857) +- (1.0859479360669437, 1.0859479360669437)

