1-7
(1, 52.652289159595966) +- (7.248084119862677, 7.248084119862677)
(4, 49.76823637261987) +- (2.9212182042014567, 2.9212182042014567)
(16, 48.893989995121956) +- (7.2477216967945495, 7.2477216967945495)
(64, 53.95748959854245) +- (6.120630190319397, 6.120630190319397)
(256, 55.8455228805542) +- (7.025822423354868, 7.025822423354868)
(1024, 91.37222785502672) +- (11.461560719726336, 11.461560719726336)
(4096, 206.13909726962447) +- (19.306499669652762, 19.306499669652762)
(16384, 729.8060356639326) +- (101.24986451563883, 101.24986451563883)
(65536, 2642.5267519429326) +- (118.06576360532279, 118.06576360532279)
(262144, 11059.201590903103) +- (361.4090571093295, 361.4090571093295)
(1048576, 42090.115920454264) +- (1135.190889020715, 1135.190889020715)
(4194304, 78867.84693840891) +- (302.9714131978312, 302.9714131978312)

1-2
(1, 7.93359624221921) +- (2.6994170128385573, 2.6994170128385573)
(4, 7.934888172894717) +- (1.7723325227325912, 1.7723325227325912)
(16, 7.254812400788069) +- (2.947721969168442, 2.947721969168442)
(64, 7.373146153986454) +- (2.4655610149329736, 2.4655610149329736)
(256, 7.289280276745558) +- (1.9142603622015435, 1.9142603622015435)
(1024, 7.06697404384613) +- (1.5627532821485037, 1.5627532821485037)
(4096, 7.504076417535543) +- (1.8570957349955721, 1.8570957349955721)
(16384, 7.2255536913871765) +- (1.1697041955998209, 1.1697041955998209)
(65536, 7.182711735367775) +- (1.0806775994352755, 1.0806775994352755)
(262144, 7.490574289113283) +- (3.014921377792217, 3.014921377792217)
(1048576, 8.0038420855999) +- (1.872859842142326, 1.872859842142326)
(4194304, 6.500003580003977) +- (0.575781297938584, 0.575781297938584)

2-3
(1, 7.915810216218233) +- (1.4529890669498167, 1.4529890669498167)
(4, 7.971699815243483) +- (1.422739139710766, 1.422739139710766)
(16, 7.040869724005461) +- (1.8503626994945648, 1.8503626994945648)
(64, 9.268578514456749) +- (2.4782327685161687, 2.4782327685161687)
(256, 6.358526647090912) +- (2.0754599242429292, 2.0754599242429292)
(1024, 6.168359704315662) +- (1.1383284225181953, 1.1383284225181953)
(4096, 7.700757123529911) +- (2.0537348624098484, 2.0537348624098484)
(16384, 7.84605909138918) +- (1.287604541391418, 1.287604541391418)
(65536, 7.625063136219978) +- (2.583859879081936, 2.583859879081936)
(262144, 7.540905009955168) +- (3.057912387365933, 3.057912387365933)
(1048576, 8.55028834193945) +- (1.4905961412547197, 1.4905961412547197)
(4194304, 8.120082505047321) +- (1.0398854083773301, 1.0398854083773301)

3-4
(1, 8.219815418124199) +- (0.545232379434751, 0.545232379434751)
(4, 7.800719607621431) +- (1.4423633684207602, 1.4423633684207602)
(16, 6.801341660320759) +- (0.8327567793451451, 0.8327567793451451)
(64, 8.022328279912472) +- (1.834251060296272, 1.834251060296272)
(256, 6.431244034320116) +- (0.7120059711638579, 0.7120059711638579)
(1024, 7.247585523873568) +- (0.8162696418649723, 0.8162696418649723)
(4096, 7.127131707966328) +- (1.3060571351437764, 1.3060571351437764)
(16384, 9.369782917201519) +- (1.84177478744108, 1.84177478744108)
(65536, 10.460890363901854) +- (2.900451782653421, 2.900451782653421)
(262144, 9.044414106756449) +- (1.4187214681360953, 1.4187214681360953)
(1048576, 9.683939069509506) +- (1.4251471574623058, 1.4251471574623058)
(4194304, 10.582873318344355) +- (1.208460541528537, 1.208460541528537)

4-5
(1, 12.576062604784966) +- (3.262322801113165, 3.262322801113165)
(4, 11.233562231063843) +- (0.6631630107780571, 0.6631630107780571)
(16, 11.864227801561356) +- (1.0936645041493764, 1.0936645041493764)
(64, 11.575835198163986) +- (1.1738895251512451, 1.1738895251512451)
(256, 10.62312051653862) +- (1.333623643323591, 1.333623643323591)
(1024, 10.769355483353138) +- (0.2885724283978465, 0.2885724283978465)
(4096, 10.864724963903427) +- (0.25449568176787196, 0.25449568176787196)
(16384, 11.127051711082458) +- (0.898084211262221, 0.898084211262221)
(65536, 11.965405009686947) +- (2.347511955021224, 2.347511955021224)
(262144, 11.713308561593294) +- (1.1567170926396257, 1.1567170926396257)
(1048576, 11.73545615747571) +- (1.076326104042185, 1.076326104042185)
(4194304, 11.372291948646307) +- (0.67914317163514, 0.67914317163514)

5-6
(1, 11.22790239751339) +- (0.5974074758482258, 0.5974074758482258)
(4, 11.286653112620115) +- (1.3755844799236523, 1.3755844799236523)
(16, 12.4874671921134) +- (0.9666204118170791, 0.9666204118170791)
(64, 14.219630882143974) +- (0.41761464195434894, 0.41761464195434894)
(256, 22.054744884371758) +- (4.650247697229056, 4.650247697229056)
(1024, 57.112081442028284) +- (8.803354357279845, 8.803354357279845)
(4096, 167.5418732687831) +- (16.481307827013026, 16.481307827013026)
(16384, 691.2156894803047) +- (100.73435567117433, 100.73435567117433)
(65536, 2601.7797281965613) +- (112.9102127529657, 112.9102127529657)
(262144, 11017.836166825145) +- (358.33394684395483, 358.33394684395483)
(1048576, 42046.74684535712) +- (1133.306486746955, 1133.306486746955)
(4194304, 78825.54460689425) +- (300.95823809288737, 300.95823809288737)

6-7
(1, 4.7791022807359695) +- (2.7306051564426643, 2.7306051564426643)
(4, 3.540713433176279) +- (0.4748229669365187, 0.4748229669365187)
(16, 3.4452712163329124) +- (0.5033105976056469, 0.5033105976056469)
(64, 3.4979705698788166) +- (0.5003118391842813, 0.5003118391842813)
(256, 3.088606521487236) +- (0.7212245315724816, 0.7212245315724816)
(1024, 3.0078716576099396) +- (0.45327816953828703, 0.45327816953828703)
(4096, 5.40053378790617) +- (3.436686045924208, 3.436686045924208)
(16384, 3.0218987725675106) +- (0.6258207433046628, 0.6258207433046628)
(65536, 3.5129535011947155) +- (0.7200532298606005, 0.7200532298606005)
(262144, 5.576222110539675) +- (5.061089139676937, 5.061089139676937)
(1048576, 5.395549442619085) +- (2.211759078192707, 2.211759078192707)
(4194304, 5.727080162614584) +- (1.1742891919774856, 1.1742891919774856)

