1-4
(1, 0.0) +- (0.0, 0.0)
(4, 0.0) +- (0.0, 0.0)
(16, 0.0) +- (0.0, 0.0)
(64, 0.0) +- (0.0, 0.0)
(256, 0.0) +- (0.0, 0.0)
(1024, 0.0) +- (0.0, 0.0)
(4096, 0.0) +- (0.0, 0.0)
(16384, 0.0) +- (0.0, 0.0)
(65536, 0.0) +- (0.0, 0.0)
(262144, 0.0) +- (0.0, 0.0)
(1048576, 0.0) +- (0.0, 0.0)
(4194304, 0.0) +- (0.0, 0.0)
(16777216, 0.0) +- (0.0, 0.0)

1-2
(1, -0.12832011484750205) +- (0.03593207310193252, 0.03593207310193252)
(4, -0.13312439685296554) +- (0.033202569673741356, 0.033202569673741356)
(16, -0.14759020710000595) +- (0.02357554657155102, 0.02357554657155102)
(64, -0.1367872861877464) +- (0.03170013257237844, 0.03170013257237844)
(256, -0.14682937372703198) +- (0.0171603627352228, 0.0171603627352228)
(1024, -0.14123771297651913) +- (0.04374015252833462, 0.04374015252833462)
(4096, -0.13248953374166494) +- (0.028176056513426664, 0.028176056513426664)
(16384, -0.13646376599295001) +- (0.006676157017426176, 0.006676157017426176)
(65536, -0.15489748183965496) +- (0.02226769856023814, 0.02226769856023814)
(262144, -0.13596477170226734) +- (0.015448073669814722, 0.015448073669814722)
(1048576, -0.1438575167266825) +- (0.012322067546453586, 0.012322067546453586)
(4194304, -0.13856365826578862) +- (0.013638171558421541, 0.013638171558421541)
(16777216, -0.1320016556802267) +- (0.01098110303902535, 0.01098110303902535)

2-3
(1, 0.0) +- (0.0, 0.0)
(4, 0.0) +- (0.0, 0.0)
(16, 0.0) +- (0.0, 0.0)
(64, 0.0) +- (0.0, 0.0)
(256, 0.0) +- (0.0, 0.0)
(1024, 0.0) +- (0.0, 0.0)
(4096, 0.0) +- (0.0, 0.0)
(16384, 0.0) +- (0.0, 0.0)
(65536, 0.0) +- (0.0, 0.0)
(262144, 0.0) +- (0.0, 0.0)
(1048576, 0.0) +- (0.0, 0.0)
(4194304, 0.0) +- (0.0, 0.0)
(16777216, 0.0) +- (0.0, 0.0)

3-4
(1, 0.31783185575232775) +- (0.007103102516922415, 0.007103102516922415)
(4, 0.29873862488910863) +- (0.06441587990701785, 0.06441587990701785)
(16, 0.2890202834150591) +- (0.05181021949601015, 0.05181021949601015)
(64, 0.3133199966099397) +- (0.042381851067165986, 0.042381851067165986)
(256, 0.29498391187587747) +- (0.021440807239275488, 0.021440807239275488)
(1024, 0.25965080254119266) +- (0.01961888571647483, 0.01961888571647483)
(4096, 0.2886117635486912) +- (0.033511710926022675, 0.033511710926022675)
(16384, 0.2545055732964183) +- (0.026798993518078358, 0.026798993518078358)
(65536, 0.23723487677783742) +- (0.017940524118097028, 0.017940524118097028)
(262144, 0.25225314298914303) +- (0.0177623199338064, 0.0177623199338064)
(1048576, 0.2914485383366457) +- (0.04101324683132726, 0.04101324683132726)
(4194304, 0.23796382462372392) +- (0.02637683590747576, 0.02637683590747576)
(16777216, 0.21193839996832475) +- (0.03090050194779107, 0.03090050194779107)

