1-5
(1, 0.0) +- (0.0, 0.0)
(4, 0.0) +- (0.0, 0.0)
(16, 0.0) +- (0.0, 0.0)
(64, 0.0) +- (0.0, 0.0)
(256, 0.0) +- (0.0, 0.0)
(1024, 0.0) +- (0.0, 0.0)
(4096, 0.0) +- (0.0, 0.0)
(16384, 0.0) +- (0.0, 0.0)
(65536, 0.0) +- (0.0, 0.0)
(262144, 0.0) +- (0.0, 0.0)
(1048576, 0.0) +- (0.0, 0.0)
(4194304, 0.0) +- (0.0, 0.0)
(16777216, 0.0) +- (0.0, 0.0)

1-2
(1, -0.1449102104799381) +- (0.029492277358026352, 0.029492277358026352)
(4, -0.14740368468369927) +- (0.011154295321464133, 0.011154295321464133)
(16, -0.12936956776458322) +- (0.021491230682947234, 0.021491230682947234)
(64, -0.1413826618345468) +- (0.011500813668024397, 0.011500813668024397)
(256, -0.1449272872856582) +- (0.016588382208515256, 0.016588382208515256)
(1024, -0.1277516746450523) +- (0.03307302731931755, 0.03307302731931755)
(4096, -0.13689598210088127) +- (0.039423526370019335, 0.039423526370019335)
(16384, -0.13318642394273178) +- (0.010385290533952925, 0.010385290533952925)
(65536, -0.14689437831997906) +- (0.029758550351041944, 0.029758550351041944)
(262144, -0.15396605493470847) +- (0.019391590751579802, 0.019391590751579802)
(1048576, -0.14487361118587447) +- (0.01624281109471977, 0.01624281109471977)
(4194304, -0.14514071851379165) +- (0.029781323392952582, 0.029781323392952582)
(16777216, -0.1288122239482882) +- (0.016270019222303766, 0.016270019222303766)

2-3
(1, 0.0) +- (0.0, 0.0)
(4, 0.0) +- (0.0, 0.0)
(16, 0.0) +- (0.0, 0.0)
(64, 0.0) +- (0.0, 0.0)
(256, 0.0) +- (0.0, 0.0)
(1024, 0.0) +- (0.0, 0.0)
(4096, 0.0) +- (0.0, 0.0)
(16384, 0.0) +- (0.0, 0.0)
(65536, 0.0) +- (0.0, 0.0)
(262144, 0.0) +- (0.0, 0.0)
(1048576, 0.0) +- (0.0, 0.0)
(4194304, 0.0) +- (0.0, 0.0)
(16777216, 0.0) +- (0.0, 0.0)

3-4
(1, 0.0) +- (0.0, 0.0)
(4, 0.0) +- (0.0, 0.0)
(16, 0.0) +- (0.0, 0.0)
(64, 0.0) +- (0.0, 0.0)
(256, 0.0) +- (0.0, 0.0)
(1024, 0.0) +- (0.0, 0.0)
(4096, 0.0) +- (0.0, 0.0)
(16384, 0.0) +- (0.0, 0.0)
(65536, 0.0) +- (0.0, 0.0)
(262144, 0.0) +- (0.0, 0.0)
(1048576, 0.0) +- (0.0, 0.0)
(4194304, 0.0) +- (0.0, 0.0)
(16777216, 0.0) +- (0.0, 0.0)

4-5
(1, 0.3216445321381583) +- (0.04106517100854378, 0.04106517100854378)
(4, 0.35460426696290337) +- (0.047714047919203736, 0.047714047919203736)
(16, 0.31335856487982594) +- (0.008758092084378727, 0.008758092084378727)
(64, 0.2721149981715284) +- (0.034513802329957786, 0.034513802329957786)
(256, 0.3130445766631128) +- (0.06120249118445925, 0.06120249118445925)
(1024, 0.2699509160283647) +- (0.02848365484366022, 0.02848365484366022)
(4096, 0.23779636761836034) +- (0.018669094855063455, 0.018669094855063455)
(16384, 0.20790221914902635) +- (0.03790056336505532, 0.03790056336505532)
(65536, 0.24609226630447828) +- (0.03412840269983136, 0.03412840269983136)
(262144, 0.20140104008798398) +- (0.020184357179259184, 0.020184357179259184)
(1048576, 0.15531516330768505) +- (0.047197565175986486, 0.047197565175986486)
(4194304, 0.16439535208064898) +- (0.03082088649701204, 0.03082088649701204)
(16777216, 0.16048689378671813) +- (0.025062272237219897, 0.025062272237219897)

