1-5
(1, 55.04305902868509) +- (2.529912924302343, 2.529912924302343)
(4, 53.64535404369235) +- (2.9985390094635926, 2.9985390094635926)
(16, 58.86920616030693) +- (3.9586890156133117, 3.9586890156133117)
(64, 60.408801306039095) +- (4.492360122794583, 4.492360122794583)
(256, 58.6839459836483) +- (3.4107303477632644, 3.4107303477632644)
(1024, 81.34830743074417) +- (5.911569608863478, 5.911569608863478)
(4096, 187.22644010558724) +- (5.969328706369232, 5.969328706369232)
(16384, 599.5944934897125) +- (7.988607716954045, 7.988607716954045)
(65536, 2238.2819538004696) +- (3.4669549096187104, 3.4669549096187104)
(262144, 8818.62251991406) +- (3.31251264265868, 3.31251264265868)
(1048576, 35138.14821429551) +- (8.785184498101959, 8.785184498101959)
(4194304, 70223.2374641113) +- (5.623925881474969, 5.623925881474969)
(16777216, 140390.42660240084) +- (4.689869119199433, 4.689869119199433)

1-2
(1, 6.968151405453682) +- (1.4405140286121496, 1.4405140286121496)
(4, 6.656127143651247) +- (0.5134847724814924, 0.5134847724814924)
(16, 7.757885009050369) +- (1.5820049417934616, 1.5820049417934616)
(64, 6.943797972053289) +- (0.562852161471388, 0.562852161471388)
(256, 6.807814445346594) +- (0.7599222691314587, 0.7599222691314587)
(1024, 8.282459247857332) +- (3.1081544397134486, 3.1081544397134486)
(4096, 7.804122939705849) +- (3.009498082685776, 3.009498082685776)
(16384, 7.369757350534201) +- (0.6017426267012115, 0.6017426267012115)
(65536, 6.8396322429180145) +- (1.1923419601134595, 1.1923419601134595)
(262144, 6.426538806408644) +- (0.8382178750113846, 0.8382178750113846)
(1048576, 6.802107580006123) +- (0.6855873950010634, 0.6855873950010634)
(4194304, 6.9761088117957115) +- (1.5409762856660296, 1.5409762856660296)
(16777216, 7.690305728465319) +- (1.0851349043531326, 1.0851349043531326)

2-3
(1, 34.00353444740176) +- (0.9385582176149438, 0.9385582176149438)
(4, 33.20061219856143) +- (1.9067462374463422, 1.9067462374463422)
(16, 36.83347422629595) +- (2.327953467829786, 2.327953467829786)
(64, 36.61358384415507) +- (3.465644334036876, 3.465644334036876)
(256, 34.463207982480526) +- (1.2798049393245534, 1.2798049393245534)
(1024, 34.49089741334319) +- (2.502011858796083, 2.502011858796083)
(4096, 35.49465658143163) +- (3.1854179459019787, 3.1854179459019787)
(16384, 37.11253926157951) +- (5.805361751574068, 5.805361751574068)
(65536, 33.20967610925436) +- (1.647823671849769, 1.647823671849769)
(262144, 35.098796617239714) +- (2.193755641154094, 2.193755641154094)
(1048576, 35.31045941635966) +- (4.295779377665976, 4.295779377665976)
(4194304, 39.06132336705923) +- (5.485241304758931, 5.485241304758931)
(16777216, 37.01779767870903) +- (3.9763968371612215, 3.9763968371612215)

3-4
(1, 11.000206135213375) +- (0.3667747252895002, 0.3667747252895002)
(4, 10.99687498062849) +- (0.35340661095482556, 0.35340661095482556)
(16, 11.159455589950085) +- (0.4488809895506251, 0.4488809895506251)
(64, 13.214168883860111) +- (1.6768629808711444, 1.6768629808711444)
(256, 14.186552818864584) +- (1.028659876307175, 1.028659876307175)
(1024, 34.92300333455205) +- (0.7116340021333297, 0.7116340021333297)
(4096, 139.80015935376287) +- (2.872812169238321, 2.872812169238321)
(16384, 550.2752966247499) +- (1.0476140151326747, 1.0476140151326747)
(65536, 2194.201434869319) +- (0.8584179233983881, 0.8584179233983881)
(262144, 8772.210189886391) +- (0.6588431659733291, 0.6588431659733291)
(1048576, 35088.90875102952) +- (7.07594691291603, 7.07594691291603)
(4194304, 70171.07687406242) +- (1.799500922913757, 1.799500922913757)
(16777216, 140339.5200960338) +- (1.7185653692976135, 1.7185653692976135)

4-5
(1, 3.071167040616274) +- (0.3435348629644943, 0.3435348629644943)
(4, 2.791739720851183) +- (0.3529103424895753, 0.3529103424895753)
(16, 3.1183913350105286) +- (0.08737896210144423, 0.08737896210144423)
(64, 3.637250605970621) +- (0.4801957538964733, 0.4801957538964733)
(256, 3.2263707369565964) +- (0.6902355024878871, 0.6902355024878871)
(1024, 3.651947434991598) +- (0.40833393399471984, 0.40833393399471984)
(4096, 4.127501230686903) +- (0.33104240473030144, 0.33104240473030144)
(16384, 4.836900252848864) +- (0.9611004172520323, 0.9611004172520323)
(65536, 4.031210578978062) +- (0.571519829661845, 0.571519829661845)
(262144, 4.886994604021311) +- (0.47707468597428665, 0.47707468597428665)
(1048576, 7.126896269619465) +- (3.4853626789153815, 3.4853626789153815)
(4194304, 6.123157870024443) +- (1.224394488732472, 1.224394488732472)
(16777216, 6.198402959853411) +- (0.9153297600520844, 0.9153297600520844)

