1-4
(1, 47.39534128457308) +- (3.3194906707758896, 3.3194906707758896)
(4, 50.691753439605236) +- (4.86589811501922, 4.86589811501922)
(16, 49.741702154278755) +- (3.0414823019468216, 3.0414823019468216)
(64, 47.70940514281392) +- (3.27011771449781, 3.27011771449781)
(256, 51.987781189382076) +- (3.171482555785412, 3.171482555785412)
(1024, 71.64190672338009) +- (4.353276695824627, 4.353276695824627)
(4096, 172.97073937952518) +- (4.235504953230427, 4.235504953230427)
(16384, 585.6289146468043) +- (3.5730087990535737, 3.5730087990535737)
(65536, 2230.966279003769) +- (5.528838285418706, 5.528838285418706)
(262144, 8812.508903536946) +- (8.589327946552242, 8.589327946552242)
(1048576, 35123.031832650304) +- (8.426463462390446, 8.426463462390446)
(4194304, 70208.67294119671) +- (2.9319898498192205, 2.9319898498192205)
(16777216, 140384.5702951774) +- (9.720301201915492, 9.720301201915492)

1-2
(1, 8.382452744990587) +- (3.4881289443032446, 3.4881289443032446)
(4, 7.8673032112419605) +- (2.6972982312173297, 2.6972982312173297)
(16, 6.731937080621719) +- (0.9034024729161184, 0.9034024729161184)
(64, 7.557261176407337) +- (2.2874551404454917, 2.2874551404454917)
(256, 6.729999929666519) +- (0.8478577119190388, 0.8478577119190388)
(1024, 7.658057939261198) +- (3.1262658624683937, 3.1262658624683937)
(4096, 7.706631254404783) +- (1.9998047226952451, 1.9998047226952451)
(16384, 7.169735338538885) +- (0.3461740662173168, 0.3461740662173168)
(65536, 6.424325052648783) +- (1.0495183407650222, 1.0495183407650222)
(262144, 7.261290214955807) +- (0.870504294668126, 0.870504294668126)
(1048576, 6.827840115875006) +- (0.576099181910737, 0.576099181910737)
(4194304, 7.107781991362572) +- (0.7643686745955051, 0.7643686745955051)
(16777216, 7.439757883548737) +- (0.6267768981106527, 0.6267768981106527)

2-3
(1, 35.93907905742526) +- (1.3042232851042992, 1.3042232851042992)
(4, 39.41482063382864) +- (4.130834952863762, 4.130834952863762)
(16, 39.536036271601915) +- (3.077662548775178, 3.077662548775178)
(64, 36.988603230565786) +- (2.9801068910466073, 2.9801068910466073)
(256, 41.933870408684015) +- (3.022226214131503, 3.022226214131503)
(1024, 60.20529009401798) +- (3.3718074986581454, 3.3718074986581454)
(4096, 161.8427949026227) +- (2.8060552241413927, 2.8060552241413927)
(16384, 574.5886978693306) +- (3.545535857688644, 3.545535857688644)
(65536, 2220.405158214271) +- (4.528969634869197, 4.528969634869197)
(262144, 8801.359752286226) +- (8.031068346849388, 8.031068346849388)
(1048576, 35112.79989350587) +- (8.028537215064297, 8.028537215064297)
(4194304, 70197.42090851068) +- (3.8770356999131916, 3.8770356999131916)
(16777216, 140372.43915870786) +- (8.768683325317749, 8.768683325317749)

3-4
(1, 3.0738094821572304) +- (0.06901267987655998, 0.06901267987655998)
(4, 3.4096295945346355) +- (0.8350399295721611, 0.8350399295721611)
(16, 3.4737288020551205) +- (0.6623413822355304, 0.6623413822355304)
(64, 3.1635407358407974) +- (0.43359875326708464, 0.43359875326708464)
(256, 3.323910851031542) +- (0.22993826037511061, 0.22993826037511061)
(1024, 3.7785586901009083) +- (0.28996934711862804, 0.28996934711862804)
(4096, 3.4213132224977016) +- (0.40696530383293505, 0.40696530383293505)
(16384, 3.870481438934803) +- (0.39657032239989265, 0.39657032239989265)
(65536, 4.136795736849308) +- (0.3368295128220249, 0.3368295128220249)
(262144, 3.8878610357642174) +- (0.2933636090100801, 0.2933636090100801)
(1048576, 3.404099028557539) +- (0.47621948423576194, 0.47621948423576194)
(4194304, 4.1442506946623325) +- (0.45774199398840354, 0.45774199398840354)
(16777216, 4.691378585994244) +- (0.7200922521508896, 0.7200922521508896)

