1-2
(1, 5.4717049933969975) +- (0.40118992407462845, 0.40118992407462845)
(4, 5.770688876509666) +- (0.22132100406480035, 0.22132100406480035)
(16, 6.2889824621379375) +- (0.49839636180894165, 0.49839636180894165)
(64, 7.319946773350239) +- (0.308908740715518, 0.308908740715518)
(256, 9.261119645088911) +- (1.2162638761597602, 1.2162638761597602)
(1024, 30.50826070830226) +- (0.027988800133773552, 0.027988800133773552)
(4096, 133.5943271405995) +- (0.20062097454537955, 0.20062097454537955)
(16384, 554.9522880464792) +- (11.13750623362319, 11.13750623362319)
(65536, 2189.4498858600855) +- (0.05550608239983147, 0.05550608239983147)
(262144, 8767.217601183802) +- (0.9480597714826542, 0.9480597714826542)
(1048576, 35083.0080662854) +- (2.080648323913622, 2.080648323913622)
(4194304, 70164.01245677844) +- (0.532946240875747, 0.532946240875747)
(16777216, 140333.29368010163) +- (1.5251535190845467, 1.5251535190845467)
(67108864, 210501.30929751322) +- (0.5927131062422267, 0.5927131062422267)
(268435456, 280669.0650177188) +- (0.7569936192035958, 0.7569936192035958)
(1073741824, 350838.75617338344) +- (1.174919134859589, 1.174919134859589)
(4294967296, 421036.15504782647) +- (40.27707733369311, 40.27707733369311)

