1-2
(1, 6.261180620640516) +- (0.01718735311384099, 0.01718735311384099)
(4, 6.708632223308086) +- (2.01129107487739, 2.01129107487739)
(16, 5.443434230983257) +- (0.06565952162390903, 0.06565952162390903)
(64, 7.674377411603928) +- (0.40425808293731996, 0.40425808293731996)
(256, 12.17296114191413) +- (0.5018945502353459, 0.5018945502353459)
(1024, 31.51148883625865) +- (0.8026228510727026, 0.8026228510727026)
(4096, 136.5396878682077) +- (0.35254324126994496, 0.35254324126994496)
(16384, 552.79306974262) +- (2.127860038235411, 2.127860038235411)
(65536, 2255.8258161880076) +- (2.839200717967613, 2.839200717967613)
(262144, 8966.61743381992) +- (16.69371934591378, 16.69371934591378)
(1048576, 35872.668540105224) +- (43.698957573779325, 43.698957573779325)
(4194304, 71644.45921359584) +- (38.31913429086289, 38.31913429086289)
(16777216, 143311.65167037398) +- (151.97096213966373, 151.97096213966373)
(67108864, 215176.3535947539) +- (56.192732928870385, 56.192732928870385)
(268435456, 288097.1626932733) +- (59.400198979691524, 59.400198979691524)
(1073741824, 361387.5628155656) +- (178.4011079366871, 178.4011079366871)
(4294967296, 434859.5868917182) +- (51.03358527640093, 51.03358527640093)

