1-2
(1, 5.462842062115669) +- (0.5850490207189911, 0.5850490207189911)
(4, 5.581751931458712) +- (0.4912585021442116, 0.4912585021442116)
(16, 6.421144586056471) +- (0.5199276593888355, 0.5199276593888355)
(64, 6.899500265717506) +- (1.2096558403736029, 1.2096558403736029)
(256, 8.633782155811787) +- (0.4193997820991923, 0.4193997820991923)
(1024, 30.284931417554617) +- (0.3135724790307153, 0.3135724790307153)
(4096, 135.86954679340124) +- (2.6908125354158776, 2.6908125354158776)
(16384, 553.6034961696714) +- (5.051785981580036, 5.051785981580036)
(65536, 2260.0865704007447) +- (11.124020126637744, 11.124020126637744)
(262144, 9000.472548650578) +- (20.29453883484728, 20.29453883484728)
(1048576, 35851.70329012908) +- (61.50924656711481, 61.50924656711481)
(4194304, 72295.64332170412) +- (203.67849985131363, 203.67849985131363)
(16777216, 147018.99428921752) +- (146.87370827919025, 146.87370827919025)

