1-2
(1, 4.490165738388896) +- (0.6832116896373422, 0.6832116896373422)
(4, 5.436956416815519) +- (0.5681752900212229, 0.5681752900212229)
(16, 5.331228720024228) +- (0.21154650408922274, 0.21154650408922274)
(64, 6.966281682252884) +- (1.1703970264066026, 1.1703970264066026)
(256, 7.994970306754112) +- (0.8577637703312873, 0.8577637703312873)
(1024, 29.714568750932813) +- (0.8522366444960526, 0.8522366444960526)
(4096, 132.8519256785512) +- (1.035602068420497, 1.035602068420497)
(16384, 546.7450730502605) +- (3.2227074334460335, 3.2227074334460335)
(65536, 2196.0749002173543) +- (14.16760481672268, 14.16760481672268)
(262144, 8766.496323049068) +- (0.9525126310173501, 0.9525126310173501)
(1048576, 35080.88449458592) +- (0.36304399612694405, 0.36304399612694405)
(4194304, 70168.30400913022) +- (5.47859188631345, 5.47859188631345)
(16777216, 140333.95048929378) +- (1.8419851410947499, 1.8419851410947499)

