1-8
(1, 89.71072258427739) +- (20.39614492742668, 20.39614492742668)
(4, 65.10390928015113) +- (25.256169276816927, 25.256169276816927)
(16, 81.83024181053042) +- (14.882483584804152, 14.882483584804152)
(64, 88.90777956694365) +- (15.566459086283421, 15.566459086283421)
(256, 74.268564209342) +- (17.150149249604357, 17.150149249604357)
(1024, 103.32527151331306) +- (33.952044589946794, 33.952044589946794)
(4096, 131.27113683149219) +- (26.21550079996337, 26.21550079996337)
(16384, 327.04919343814254) +- (42.92227902524409, 42.92227902524409)
(65536, 1146.0092482157052) +- (58.14362888980609, 58.14362888980609)
(262144, 4509.184248931706) +- (142.53115710008524, 142.53115710008524)
(1048576, 17646.753670461476) +- (383.99685394343066, 383.99685394343066)
(4194304, 37111.76766771823) +- (841.8390855231153, 841.8390855231153)

1-2
(1, 6.47357739508152) +- (0.5932794807569981, 0.5932794807569981)
(4, 5.539127998054028) +- (0.9198201851676121, 0.9198201851676121)
(16, 5.784941464662552) +- (1.3505603092265919, 1.3505603092265919)
(64, 6.2589360401034355) +- (1.288366209222908, 1.288366209222908)
(256, 6.816426012665033) +- (0.9467119231972213, 0.9467119231972213)
(1024, 5.963335279375315) +- (1.0312802499167941, 1.0312802499167941)
(4096, 4.344208538532257) +- (0.9955034182476037, 0.9955034182476037)
(16384, 5.802017170935869) +- (1.6094977250532505, 1.6094977250532505)
(65536, 6.388605944812298) +- (0.3045024078374416, 0.3045024078374416)
(262144, 5.840897187590599) +- (0.65032825854715, 0.65032825854715)
(1048576, 7.133171614259481) +- (2.158610602089555, 2.158610602089555)
(4194304, 9.000279568135738) +- (1.7428344676225633, 1.7428344676225633)

2-3
(1, 40.89075345546007) +- (19.350664912391387, 19.350664912391387)
(4, 26.036760490387678) +- (22.991100998920373, 22.991100998920373)
(16, 40.73389330878854) +- (14.51462764105337, 14.51462764105337)
(64, 38.9305948279798) +- (13.200079448332284, 13.200079448332284)
(256, 27.390962652862072) +- (15.737872643152702, 15.737872643152702)
(1024, 58.950784616172314) +- (27.16873092651708, 27.16873092651708)
(4096, 87.94987946748734) +- (22.326103078364746, 22.326103078364746)
(16384, 283.28812774270773) +- (40.89911217867672, 40.89911217867672)
(65536, 1102.637096401304) +- (56.34938375549644, 56.34938375549644)
(262144, 4455.454691499472) +- (124.48572807654168, 124.48572807654168)
(1048576, 17601.401662826538) +- (385.78745610170756, 385.78745610170756)
(4194304, 37065.21669831127) +- (841.0964093531578, 841.0964093531578)

3-4
(1, 13.54549853131175) +- (2.1127544043988054, 2.1127544043988054)
(4, 10.044459626078606) +- (2.7981910460305275, 2.7981910460305275)
(16, 11.69091034680605) +- (2.981251117316341, 2.981251117316341)
(64, 14.916913770139217) +- (3.163877394768836, 3.163877394768836)
(256, 11.679524183273315) +- (2.4706310361961283, 2.4706310361961283)
(1024, 10.648813378065825) +- (3.6896676871057315, 3.6896676871057315)
(4096, 9.656454622745514) +- (1.4369942813298058, 1.4369942813298058)
(16384, 11.061553936451674) +- (2.060006082729822, 2.060006082729822)
(65536, 10.046103037893772) +- (1.265561576751051, 1.265561576751051)
(262144, 14.452919270843267) +- (10.986352550262938, 10.986352550262938)
(1048576, 10.244123917073011) +- (1.9515435371312382, 1.9515435371312382)
(4194304, 9.191921632736921) +- (0.668595289558619, 0.668595289558619)

4-5
(1, 4.103613737970591) +- (0.6335108039605256, 0.6335108039605256)
(4, 2.7928922325372696) +- (0.2789116008748922, 0.2789116008748922)
(16, 4.332379344850779) +- (1.7588224709250513, 1.7588224709250513)
(64, 4.114993009716272) +- (0.5800968550941599, 0.5800968550941599)
(256, 3.9105916395783424) +- (0.8982806831037462, 0.8982806831037462)
(1024, 3.6385181359946728) +- (0.8549507625043157, 0.8549507625043157)
(4096, 4.043924994766712) +- (1.970560886508833, 1.970560886508833)
(16384, 3.02755618467927) +- (0.6175486497207027, 0.6175486497207027)
(65536, 3.92255475744605) +- (2.323095754108637, 2.323095754108637)
(262144, 7.803328521549702) +- (10.576072208606423, 10.576072208606423)
(1048576, 3.8402038626372814) +- (0.872686993952055, 0.872686993952055)
(4194304, 3.3459759317338467) +- (0.5822670629260581, 0.5822670629260581)

5-6
(1, 9.047308098524809) +- (1.0264518925345212, 1.0264518925345212)
(4, 9.492507111281157) +- (1.4763261019372196, 1.4763261019372196)
(16, 8.655828516930342) +- (0.19811284820720557, 0.19811284820720557)
(64, 8.989441953599453) +- (1.2843797712189702, 1.2843797712189702)
(256, 9.608619660139084) +- (0.6040351721195756, 0.6040351721195756)
(1024, 9.772432781755924) +- (1.1818501856505286, 1.1818501856505286)
(4096, 12.854867242276669) +- (4.943699305341482, 4.943699305341482)
(16384, 12.123856134712696) +- (3.394236679262262, 3.394236679262262)
(65536, 10.445141978561878) +- (1.6329279597552573, 1.6329279597552573)
(262144, 13.980209454894066) +- (10.935094599276608, 10.935094599276608)
(1048576, 12.662006448954344) +- (2.52016452755356, 2.52016452755356)
(4194304, 14.201941899955273) +- (0.745205950878897, 0.745205950878897)

6-7
(1, 11.549262516200542) +- (0.43012008013388014, 0.43012008013388014)
(4, 8.725825138390064) +- (1.7551232519097029, 1.7551232519097029)
(16, 8.368608262389898) +- (0.8439992079026282, 0.8439992079026282)
(64, 11.287533678114414) +- (2.7769956518983427, 2.7769956518983427)
(256, 11.55561963096261) +- (2.096794512818311, 2.096794512818311)
(1024, 9.776734001934528) +- (1.5654440287635596, 1.5654440287635596)
(4096, 8.739886526018381) +- (1.1916678065469346, 1.1916678065469346)
(16384, 9.10950480028987) +- (1.9484858433684522, 1.9484858433684522)
(65536, 9.840625431388617) +- (1.5110043191648757, 1.5110043191648757)
(262144, 8.81850915029645) +- (0.7174522553738183, 0.7174522553738183)
(1048576, 7.581938244402409) +- (0.7156954531682794, 0.7156954531682794)
(4194304, 7.8842271119356155) +- (0.8160025049210052, 0.8160025049210052)

7-8
(1, 4.1007088497281075) +- (0.7855212286014548, 0.7855212286014548)
(4, 2.472336683422327) +- (0.10785838529013564, 0.10785838529013564)
(16, 2.2636805661022663) +- (0.17858811441800057, 0.17858811441800057)
(64, 4.40936628729105) +- (2.7178643901875246, 2.7178643901875246)
(256, 3.3068204298615456) +- (0.2528028471062944, 0.2528028471062944)
(1024, 4.574653320014477) +- (3.572205598787957, 3.572205598787957)
(4096, 3.6819154396653175) +- (2.8857523014017286, 2.8857523014017286)
(16384, 2.636577468365431) +- (0.4796336451263322, 0.4796336451263322)
(65536, 2.7291206642985344) +- (0.1529127072194462, 0.1529127072194462)
(262144, 2.8336938470602036) +- (0.30231541915024207, 0.30231541915024207)
(1048576, 3.8905635476112366) +- (2.7891978213709887, 2.7891978213709887)
(4194304, 2.926623262465) +- (0.26305917701086645, 0.26305917701086645)

