1-7
(1, 57.20188207924366) +- (5.269109617094076, 5.269109617094076)
(4, 52.899856586009264) +- (5.120287560212956, 5.120287560212956)
(16, 54.723976738750935) +- (5.428230134930987, 5.428230134930987)
(64, 59.91906486451626) +- (10.708593832167931, 10.708593832167931)
(256, 63.208863697946065) +- (3.673551439174408, 3.673551439174408)
(1024, 90.1527944020927) +- (9.454966908074752, 9.454966908074752)
(4096, 214.2016239464283) +- (28.836648207513072, 28.836648207513072)
(16384, 632.5337344780564) +- (22.539386628644117, 22.539386628644117)
(65536, 2554.9229871481657) +- (107.39690984243121, 107.39690984243121)
(262144, 9885.95376657322) +- (215.04121524266026, 215.04121524266026)
(1048576, 40007.96121684834) +- (129.2289291946135, 129.2289291946135)
(4194304, 79835.44133147225) +- (454.6247238502851, 454.6247238502851)

1-2
(1, 8.57648542150855) +- (0.4887124776822195, 0.4887124776822195)
(4, 8.319595456123352) +- (0.7811053817307362, 0.7811053817307362)
(16, 8.784497901797295) +- (1.709622682419855, 1.709622682419855)
(64, 10.190767981112003) +- (1.978076395037511, 1.978076395037511)
(256, 9.165794216096401) +- (1.5213797947501846, 1.5213797947501846)
(1024, 8.76541743054986) +- (0.26885985389024375, 0.26885985389024375)
(4096, 10.214322712272406) +- (1.658709106963659, 1.658709106963659)
(16384, 9.10767437890172) +- (2.774712665005205, 2.774712665005205)
(65536, 9.892199467867613) +- (2.023951475362918, 2.023951475362918)
(262144, 10.490643233060837) +- (3.622786485420806, 3.622786485420806)
(1048576, 10.048320889472961) +- (2.2950744955855154, 2.2950744955855154)
(4194304, 10.044692549854517) +- (1.498579682712148, 1.498579682712148)

2-3
(1, 9.135308675467968) +- (2.2928749441000438, 2.2928749441000438)
(4, 9.44411912932992) +- (1.0587575246376837, 1.0587575246376837)
(16, 9.25649767741561) +- (1.798313032021488, 1.798313032021488)
(64, 8.387215621769428) +- (1.8075320751068873, 1.8075320751068873)
(256, 8.624034095555544) +- (0.7160691816637793, 0.7160691816637793)
(1024, 9.260514285415411) +- (1.9651729908374493, 1.9651729908374493)
(4096, 10.490815248340368) +- (0.9993186734631103, 0.9993186734631103)
(16384, 7.395496778190136) +- (1.8728357431010534, 1.8728357431010534)
(65536, 8.41475147753954) +- (1.0469097137659487, 1.0469097137659487)
(262144, 8.945720084011555) +- (2.5321368051892303, 2.5321368051892303)
(1048576, 7.637365069240332) +- (1.0807791462218486, 1.0807791462218486)
(4194304, 10.960360616445541) +- (1.1309072738452286, 1.1309072738452286)

3-4
(1, 8.283606544137001) +- (0.9686641660597216, 0.9686641660597216)
(4, 8.344298042356968) +- (0.5676326467318557, 0.5676326467318557)
(16, 8.046574052423239) +- (0.5815112958440849, 0.5815112958440849)
(64, 7.438009977340698) +- (1.6143398006854137, 1.6143398006854137)
(256, 7.717600278556347) +- (1.0158780912655516, 1.0158780912655516)
(1024, 7.310538180172443) +- (1.5230969337583693, 1.5230969337583693)
(4096, 9.216694254428148) +- (1.047005123377109, 1.047005123377109)
(16384, 8.494389057159424) +- (1.7216810009428463, 1.7216810009428463)
(65536, 9.963130299001932) +- (1.7311638369727256, 1.7311638369727256)
(262144, 9.67850536108017) +- (1.2489032163324578, 1.2489032163324578)
(1048576, 9.218531381338835) +- (2.2424480623709067, 2.2424480623709067)
(4194304, 10.62101237475872) +- (0.8556469679359289, 0.8556469679359289)

4-5
(1, 13.489601481705904) +- (1.999703868043366, 1.999703868043366)
(4, 12.710465956479311) +- (2.26986384251357, 2.26986384251357)
(16, 12.980511598289013) +- (1.853202159569902, 1.853202159569902)
(64, 12.06317450851202) +- (2.4762122892229432, 2.4762122892229432)
(256, 13.30587426200509) +- (0.6604295635071541, 0.6604295635071541)
(1024, 11.633424088358879) +- (1.7574852454301049, 1.7574852454301049)
(4096, 12.430368829518557) +- (2.61338948678664, 2.61338948678664)
(16384, 12.290433049201965) +- (1.654382917294762, 1.654382917294762)
(65536, 12.1334177441895) +- (1.9254553072544902, 1.9254553072544902)
(262144, 16.04716908186674) +- (8.08173919525146, 8.08173919525146)
(1048576, 12.135253567248583) +- (1.9329838287159917, 1.9329838287159917)
(4194304, 13.174946699291468) +- (1.6317305029056488, 1.6317305029056488)

5-6
(1, 11.867750529199839) +- (1.3082823293517378, 1.3082823293517378)
(4, 10.824399814009666) +- (1.2753109927411435, 1.2753109927411435)
(16, 11.502261739224195) +- (1.395879513720759, 1.395879513720759)
(64, 16.160420048981905) +- (3.7233237231697838, 3.7233237231697838)
(256, 20.7270254381001) +- (2.6463294656986927, 2.6463294656986927)
(1024, 48.51592546328902) +- (3.6479079287369522, 3.6479079287369522)
(4096, 168.7017373740673) +- (26.535706234551373, 26.535706234551373)
(16384, 591.8224464170635) +- (17.914397812231943, 17.914397812231943)
(65536, 2511.1312355846167) +- (105.26006879136979, 105.26006879136979)
(262144, 9837.329364195466) +- (211.92767433289308, 211.92767433289308)
(1048576, 39964.87373160198) +- (129.35217308357576, 129.35217308357576)
(4194304, 79781.66280351579) +- (450.27381236604407, 450.27381236604407)

6-7
(1, 5.849129427224398) +- (4.494222073249483, 4.494222073249483)
(4, 3.2569781877100468) +- (0.6109744292332855, 0.6109744292332855)
(16, 4.1536337696015835) +- (1.3024564557739824, 1.3024564557739824)
(64, 5.679476726800203) +- (4.073911029266616, 4.073911029266616)
(256, 3.6685354076325893) +- (0.903954265659142, 0.903954265659142)
(1024, 4.666974954307079) +- (4.827165309080117, 4.827165309080117)
(4096, 3.1476855278015137) +- (0.6210654132385375, 0.6210654132385375)
(16384, 3.423294797539711) +- (1.2845718679978033, 1.2845718679978033)
(65536, 3.3882525749504566) +- (0.6442430690742718, 0.6442430690742718)
(262144, 3.4623646177351475) +- (0.7131631425604709, 0.7131631425604709)
(1048576, 4.048014339059591) +- (1.375331091742443, 1.375331091742443)
(4194304, 8.9775157161057) +- (5.536174161513175, 5.536174161513175)

