1-7
(1, 46.887247171252966) +- (3.724330175055124, 3.724330175055124)
(4, 46.8320325948298) +- (4.799433327588875, 4.799433327588875)
(16, 43.31723237410188) +- (1.08242686999974, 1.08242686999974)
(64, 44.545273296535015) +- (1.986087226659672, 1.986087226659672)
(256, 54.731396585702896) +- (4.643877971379764, 4.643877971379764)
(1024, 96.49517508223653) +- (16.02233506444364, 16.02233506444364)
(4096, 201.11160390079021) +- (12.061146038154874, 12.061146038154874)
(16384, 625.3069909289479) +- (15.641732069203496, 15.641732069203496)
(65536, 2457.0314498618245) +- (49.681180948328745, 49.681180948328745)
(262144, 9672.497382387519) +- (51.02612687647476, 51.02612687647476)
(1048576, 39177.636676002294) +- (328.3724881809831, 328.3724881809831)
(4194304, 78938.30237546936) +- (378.6252212078636, 378.6252212078636)

1-2
(1, 6.94492245092988) +- (0.6026100480381912, 0.6026100480381912)
(4, 7.150684855878353) +- (1.176900402781737, 1.176900402781737)
(16, 6.6113414242863655) +- (0.76920044724431, 0.76920044724431)
(64, 6.64982283487916) +- (0.29245743834715376, 0.29245743834715376)
(256, 6.562878005206585) +- (0.15202026741463412, 0.15202026741463412)
(1024, 6.978362333029509) +- (0.495958751267894, 0.495958751267894)
(4096, 6.816781684756279) +- (0.638698264083891, 0.638698264083891)
(16384, 7.382314372807741) +- (0.865549802778199, 0.865549802778199)
(65536, 6.068221479654312) +- (0.653253383123965, 0.653253383123965)
(262144, 6.820350233465433) +- (0.48582608208058303, 0.48582608208058303)
(1048576, 8.612491190433502) +- (4.989771192883341, 4.989771192883341)
(4194304, 7.354200165718794) +- (1.1452195752705552, 1.1452195752705552)

2-3
(1, 7.126585021615028) +- (0.43957295995415957, 0.43957295995415957)
(4, 7.362511660903692) +- (0.5597088451154453, 0.5597088451154453)
(16, 6.530285533517599) +- (0.7549812693447046, 0.7549812693447046)
(64, 6.7122627049684525) +- (0.6352444107357443, 0.6352444107357443)
(256, 6.271036062389612) +- (0.6489429602995198, 0.6489429602995198)
(1024, 7.770664989948273) +- (0.4370248416662972, 0.4370248416662972)
(4096, 7.392725255340338) +- (0.8151873500275889, 0.8151873500275889)
(16384, 7.586022466421127) +- (1.5835680378911812, 1.5835680378911812)
(65536, 6.732110306620598) +- (0.6309867736853746, 0.6309867736853746)
(262144, 8.023633901029825) +- (1.7674357035811852, 1.7674357035811852)
(1048576, 7.929422054439783) +- (2.0209521274367903, 2.0209521274367903)
(4194304, 7.501352671533823) +- (0.9179348311281526, 0.9179348311281526)

3-4
(1, 6.924035400152206) +- (1.4109327738616393, 1.4109327738616393)
(4, 6.294380780309439) +- (0.6696905014654035, 0.6696905014654035)
(16, 5.699718650430441) +- (0.28836234632847163, 0.28836234632847163)
(64, 6.326874438673258) +- (0.7370333293917154, 0.7370333293917154)
(256, 6.689677760004997) +- (0.6248600660675632, 0.6248600660675632)
(1024, 7.261182181537151) +- (0.49092248586295184, 0.49092248586295184)
(4096, 7.386022340506315) +- (1.2324108562417717, 1.2324108562417717)
(16384, 7.037105318158865) +- (0.6040236994110398, 0.6040236994110398)
(65536, 8.99642463773489) +- (1.8442296056590457, 1.8442296056590457)
(262144, 8.005518093705177) +- (1.1035283161122442, 1.1035283161122442)
(1048576, 6.926162820309401) +- (0.8897587091159075, 0.8897587091159075)
(4194304, 7.970061898231507) +- (0.9467148490780632, 0.9467148490780632)

4-5
(1, 10.718313325196505) +- (1.7206003355662245, 1.7206003355662245)
(4, 10.581146739423275) +- (1.4778157831497105, 1.4778157831497105)
(16, 10.324936266988516) +- (0.49400866204203686, 0.49400866204203686)
(64, 9.983080439269543) +- (0.3067904184288463, 0.3067904184288463)
(256, 10.915376245975494) +- (0.9022272353344143, 0.9022272353344143)
(1024, 10.771506931632757) +- (1.0116262835555894, 1.0116262835555894)
(4096, 10.509932693094015) +- (1.1973457798813694, 1.1973457798813694)
(16384, 10.762481670826674) +- (0.7879603585600393, 0.7879603585600393)
(65536, 10.843034833669662) +- (0.8172882841297553, 0.8172882841297553)
(262144, 11.357158608734608) +- (0.6543441263198158, 0.6543441263198158)
(1048576, 10.48116721212864) +- (1.336387625327666, 1.336387625327666)
(4194304, 11.390675324946642) +- (2.4838270665781104, 2.4838270665781104)

5-6
(1, 10.201840661466122) +- (0.6849070733018636, 0.6849070733018636)
(4, 10.14255853369832) +- (0.6435340689341333, 0.6435340689341333)
(16, 10.832126718014479) +- (0.426369507588692, 0.426369507588692)
(64, 11.628734227269888) +- (1.2500183649962517, 1.2500183649962517)
(256, 20.93917690217495) +- (4.550661129398138, 4.550661129398138)
(1024, 60.35390663892031) +- (16.24197975187083, 16.24197975187083)
(4096, 166.03600531816483) +- (11.613158057198554, 11.613158057198554)
(16384, 589.3331700004637) +- (16.567796752967986, 16.567796752967986)
(65536, 2421.6578994877636) +- (48.43686902941747, 48.43686902941747)
(262144, 9634.70612578094) +- (50.94434410877307, 50.94434410877307)
(1048576, 39139.71019629389) +- (329.7067565599193, 329.7067565599193)
(4194304, 78897.99480838701) +- (375.8095508786328, 375.8095508786328)

6-7
(1, 4.971550311893225) +- (2.883187813097265, 2.883187813097265)
(4, 5.300750024616718) +- (4.601294962869356, 4.601294962869356)
(16, 3.318823780864477) +- (0.2604135924754174, 0.2604135924754174)
(64, 3.2444986514747143) +- (0.3647814584620149, 0.3647814584620149)
(256, 3.3532516099512577) +- (0.5038427395946087, 0.5038427395946087)
(1024, 3.3595520071685314) +- (0.3300728670128044, 0.3300728670128044)
(4096, 2.970136608928442) +- (0.40282135956907633, 0.40282135956907633)
(16384, 3.2058971002697945) +- (0.48836351034300596, 0.48836351034300596)
(65536, 2.733759116381407) +- (0.18797577463841758, 0.18797577463841758)
(262144, 3.5845957696437836) +- (1.4722321814311197, 1.4722321814311197)
(1048576, 3.9772364310920234) +- (0.7509839676363712, 0.7509839676363712)
(4194304, 6.0912770219147205) +- (2.774131815802421, 2.774131815802421)

