1-8
(1, 79.50406949967146) +- (9.991522606672337, 9.991522606672337)
(4, 68.74838974326849) +- (22.956358530654462, 22.956358530654462)
(16, 73.11463197693229) +- (20.09776794295287, 20.09776794295287)
(64, 56.062156334519386) +- (3.571688919332172, 3.571688919332172)
(256, 62.60087257251143) +- (13.084923128779828, 13.084923128779828)
(1024, 89.89636050537229) +- (22.51741361234996, 22.51741361234996)
(4096, 160.19206028431654) +- (51.8370108264693, 51.8370108264693)
(16384, 399.0099236369133) +- (42.16605665356054, 42.16605665356054)
(65536, 1215.0179064832628) +- (142.2187119269738, 142.2187119269738)
(262144, 4736.135808099061) +- (286.4956609411003, 286.4956609411003)
(1048576, 18528.580799791962) +- (451.61539930203344, 451.61539930203344)
(4194304, 37857.40735512227) +- (1036.6872078503084, 1036.6872078503084)

1-2
(1, 3.9371373131871223) +- (0.2657907817579245, 0.2657907817579245)
(4, 3.916707448661327) +- (0.1759111893501077, 0.1759111893501077)
(16, 4.018140584230423) +- (0.2590879016065719, 0.2590879016065719)
(64, 4.030442237854004) +- (0.1858183800753714, 0.1858183800753714)
(256, 4.078314546495676) +- (0.1498616308593865, 0.1498616308593865)
(1024, 4.131703171879053) +- (0.5840687745214368, 0.5840687745214368)
(4096, 3.956968616694212) +- (0.1325596000587762, 0.1325596000587762)
(16384, 4.14325064048171) +- (0.48433006412814666, 0.48433006412814666)
(65536, 4.027953185141087) +- (0.17418932364673734, 0.17418932364673734)
(262144, 3.8104740902781487) +- (0.34668487971457423, 0.34668487971457423)
(1048576, 4.486514441668987) +- (1.5158988120313235, 1.5158988120313235)
(4194304, 7.200284022837877) +- (0.4009173926893921, 0.4009173926893921)

2-3
(1, 36.88652403652668) +- (18.418795598007808, 18.418795598007808)
(4, 26.189953554421663) +- (16.84938320427716, 16.84938320427716)
(16, 29.891507420688868) +- (18.579775250920413, 18.579775250920413)
(64, 11.941974144428968) +- (0.6343171812395617, 0.6343171812395617)
(256, 20.743778254836798) +- (9.736593429126687, 9.736593429126687)
(1024, 44.85468612983823) +- (17.987124484393505, 17.987124484393505)
(4096, 114.21841783449054) +- (46.21064210347264, 46.21064210347264)
(16384, 344.0735524520278) +- (36.300166427120324, 36.300166427120324)
(65536, 1173.2196506112814) +- (142.6291030742429, 142.6291030742429)
(262144, 4692.6750608719885) +- (285.1855288490313, 285.1855288490313)
(1048576, 18459.61526017636) +- (452.7298324900018, 452.7298324900018)
(4194304, 37793.68713758886) +- (1034.7684709348819, 1034.7684709348819)

3-4
(1, 8.72759809717536) +- (1.1001896741640322, 1.1001896741640322)
(4, 10.753185953944921) +- (3.438816167961315, 3.438816167961315)
(16, 9.719405975192785) +- (3.0101787972089404, 3.0101787972089404)
(64, 12.069263495504856) +- (0.7902335121495866, 0.7902335121495866)
(256, 9.403618704527617) +- (1.7917216254756045, 1.7917216254756045)
(1024, 11.596429720520973) +- (2.4224062974845326, 2.4224062974845326)
(4096, 11.400765180587769) +- (2.3942735823964503, 2.3942735823964503)
(16384, 12.207400240004063) +- (3.5462119265302365, 3.5462119265302365)
(65536, 9.734938759356737) +- (1.6631193420163994, 1.6631193420163994)
(262144, 9.639058355242014) +- (1.863860064788301, 1.863860064788301)
(1048576, 18.454319145530462) +- (13.62427028745563, 13.62427028745563)
(4194304, 16.97728643193841) +- (5.07278685008991, 5.07278685008991)

4-5
(1, 4.759384132921696) +- (2.082440257168655, 2.082440257168655)
(4, 5.821958649903536) +- (2.2842534488074016, 2.2842534488074016)
(16, 6.6478378139436245) +- (2.0436755792827075, 2.0436755792827075)
(64, 3.048496786504984) +- (0.15913995195114936, 0.15913995195114936)
(256, 5.529725272208452) +- (2.6967340667235464, 2.6967340667235464)
(1024, 4.734777100384235) +- (2.2747728797045847, 2.2747728797045847)
(4096, 5.868807155638933) +- (3.5887644338387044, 3.5887644338387044)
(16384, 5.964093189686537) +- (3.4206364530961086, 3.4206364530961086)
(65536, 4.895635414868593) +- (1.6041084698718455, 1.6041084698718455)
(262144, 3.809424117207527) +- (1.5668159566924642, 1.5668159566924642)
(1048576, 4.765323735773563) +- (1.862694481074697, 1.862694481074697)
(4194304, 4.822342749685049) +- (2.8586386519051996, 2.8586386519051996)

5-6
(1, 15.39254654198885) +- (15.249301709856466, 15.249301709856466)
(4, 9.011025354266167) +- (2.170060842115216, 2.170060842115216)
(16, 10.506508033722639) +- (1.5385632196262327, 1.5385632196262327)
(64, 11.848753225058317) +- (1.2690670164523823, 1.2690670164523823)
(256, 10.82355733960867) +- (2.1900407222716103, 2.1900407222716103)
(1024, 11.481945961713791) +- (1.4833678002121822, 1.4833678002121822)
(4096, 14.1043602488935) +- (6.970709195611903, 6.970709195611903)
(16384, 18.23873007670045) +- (10.983974225861456, 10.983974225861456)
(65536, 9.827510546892881) +- (2.586103736317063, 2.586103736317063)
(262144, 15.847627259790897) +- (9.625115690945922, 9.625115690945922)
(1048576, 24.217253271490335) +- (10.162135517731212, 10.162135517731212)
(4194304, 18.34701718762517) +- (7.108989160624868, 7.108989160624868)

6-7
(1, 7.4143853969872) +- (0.6342773152340107, 0.6342773152340107)
(4, 10.507753025740385) +- (2.0898970678277884, 2.0898970678277884)
(16, 10.04676315933466) +- (2.1652227995459934, 2.1652227995459934)
(64, 10.701421368867159) +- (2.2095939138588325, 2.2095939138588325)
(256, 9.774734359234571) +- (2.9464526287077106, 2.9464526287077106)
(1024, 10.55399002507329) +- (2.5205430557575963, 2.5205430557575963)
(4096, 8.353106491267681) +- (1.0782231056286335, 1.0782231056286335)
(16384, 11.981644667685032) +- (2.510545531278302, 2.510545531278302)
(65536, 10.882783588021994) +- (1.2989607923819453, 1.2989607923819453)
(262144, 8.100222703069448) +- (0.6041033125509273, 0.6041033125509273)
(1048576, 14.019592106342316) +- (7.618382665866056, 7.618382665866056)
(4194304, 13.471577689051628) +- (9.06974307963066, 9.06974307963066)

7-8
(1, 2.386493980884552) +- (0.24259119667494752, 0.24259119667494752)
(4, 2.54780575633049) +- (0.2351412360349455, 0.2351412360349455)
(16, 2.2844689898192883) +- (0.1791194886039113, 0.1791194886039113)
(64, 2.421805076301098) +- (0.17241476311719722, 0.17241476311719722)
(256, 2.2471440955996513) +- (0.07869435628937903, 0.07869435628937903)
(1024, 2.542828395962715) +- (0.1758096610719692, 0.1758096610719692)
(4096, 2.289634756743908) +- (0.144989612603442, 0.144989612603442)
(16384, 2.401252370327711) +- (0.14777174035619323, 0.14777174035619323)
(65536, 2.4294343777000904) +- (0.32173922431048085, 0.32173922431048085)
(262144, 2.25394070148468) +- (0.22052840133002188, 0.22052840133002188)
(1048576, 3.022536914795637) +- (1.2030798387489237, 1.2030798387489237)
(4194304, 2.9017094522714615) +- (0.48674709014313555, 0.48674709014313555)

