1-4
(1, 50.456156209111214) +- (5.363515181272105, 5.363515181272105)
(4, 49.21968597918749) +- (2.0438202215725236, 2.0438202215725236)
(16, 52.2199634462595) +- (2.1924938383148644, 2.1924938383148644)
(64, 51.562291476875544) +- (3.47770258911526, 3.47770258911526)
(256, 55.18174925819039) +- (5.435369705346122, 5.435369705346122)
(1024, 75.79409461468458) +- (4.424679683685337, 4.424679683685337)
(4096, 176.64193315431476) +- (4.007149470916414, 4.007149470916414)
(16384, 589.3953279592097) +- (1.6721185386914947, 1.6721185386914947)
(65536, 2233.9044629596174) +- (4.183917449136478, 4.183917449136478)
(262144, 8809.252502396703) +- (2.406888566027591, 2.406888566027591)
(1048576, 35123.20849550888) +- (1.9296220424494772, 1.9296220424494772)
(4194304, 70216.65695840493) +- (9.060768294053643, 9.060768294053643)
(16777216, 140395.85647927597) +- (12.040171551666008, 12.040171551666008)

1-2
(1, 5.9762596152722836) +- (0.6565979333484024, 0.6565979333484024)
(4, 6.201448477804661) +- (0.2360418342155278, 0.2360418342155278)
(16, 7.88414040580392) +- (2.6199285239427508, 2.6199285239427508)
(64, 7.777925580739975) +- (2.2841816685817657, 2.2841816685817657)
(256, 7.083855103701353) +- (1.975080746305285, 1.975080746305285)
(1024, 6.274074222892523) +- (1.1018029507376639, 1.1018029507376639)
(4096, 6.35742899030447) +- (0.572970472991636, 0.572970472991636)
(16384, 6.327361892908812) +- (0.3486604644433784, 0.3486604644433784)
(65536, 7.0092943497002125) +- (0.6155224400048204, 0.6155224400048204)
(262144, 6.02499432861805) +- (0.8539402657722512, 0.8539402657722512)
(1048576, 6.168338470160961) +- (0.5582787167243528, 0.5582787167243528)
(4194304, 6.629483494907618) +- (0.6922509408095249, 0.6922509408095249)
(16777216, 7.949511613696814) +- (1.1903807591112938, 1.1903807591112938)

2-3
(1, 41.25876799225807) +- (5.294479803193911, 5.294479803193911)
(4, 39.78794198483229) +- (2.043200445827969, 2.043200445827969)
(16, 40.747593343257904) +- (2.44176066111433, 2.44176066111433)
(64, 40.69158537313342) +- (1.297549542126019, 1.297549542126019)
(256, 44.53534781932831) +- (5.13507375388559, 5.13507375388559)
(1024, 65.94643322750926) +- (3.8042128062084064, 3.8042128062084064)
(4096, 166.9318071566522) +- (4.393873153276567, 4.393873153276567)
(16384, 578.8189041428268) +- (1.2820123813215554, 1.2820123813215554)
(65536, 2223.3359462581575) +- (3.43051846006095, 3.43051846006095)
(262144, 8799.92439430207) +- (1.9280494976809923, 1.9280494976809923)
(1048576, 35113.416777178645) +- (1.987312933803451, 1.987312933803451)
(4194304, 70206.56026732177) +- (9.073951747170316, 9.073951747170316)
(16777216, 140383.63642403856) +- (13.020237424988016, 13.020237424988016)

3-4
(1, 3.2211286015808582) +- (0.6784261149710742, 0.6784261149710742)
(4, 3.230295516550541) +- (0.432998147263731, 0.432998147263731)
(16, 3.5882296971976757) +- (0.4888236856187346, 0.4888236856187346)
(64, 3.0927805230021477) +- (0.46446664120989867, 0.46446664120989867)
(256, 3.5625463351607323) +- (0.9550052831124419, 0.9550052831124419)
(1024, 3.5735871642827988) +- (0.4556746614849884, 0.4556746614849884)
(4096, 3.352697007358074) +- (0.15306825779672562, 0.15306825779672562)
(16384, 4.249061923474073) +- (0.4807908121666645, 0.4807908121666645)
(65536, 3.559222351759672) +- (0.44784469228173324, 0.44784469228173324)
(262144, 3.303113766014576) +- (0.3182542272594829, 0.3182542272594829)
(1048576, 3.623379860073328) +- (0.6392662150157724, 0.6392662150157724)
(4194304, 3.4672075882554054) +- (0.1082396902287053, 0.1082396902287053)
(16777216, 4.270543623715639) +- (0.6178786428120846, 0.6178786428120846)

