1-5
(1, 63.88054052367806) +- (2.585334517305372, 2.585334517305372)
(4, 79.736109636724) +- (45.36287856010729, 45.36287856010729)
(16, 61.471929866820574) +- (2.8647702130371093, 2.8647702130371093)
(64, 61.01063620299101) +- (3.6840149707233514, 3.6840149707233514)
(256, 61.486837547272444) +- (0.766058017887168, 0.766058017887168)
(1024, 83.88563310727477) +- (5.382273368317973, 5.382273368317973)
(4096, 189.65325755998492) +- (2.6424693555061167, 2.6424693555061167)
(16384, 603.077678475529) +- (4.15184680846425, 4.15184680846425)
(65536, 2249.6555749326944) +- (6.675356224500265, 6.675356224500265)
(262144, 8829.17700773105) +- (4.14406585718365, 4.14406585718365)
(1048576, 35136.40560247004) +- (2.837782963264083, 2.837782963264083)
(4194304, 70223.70477216318) +- (4.388596602931114, 4.388596602931114)
(16777216, 140396.20694508776) +- (8.195626704994812, 8.195626704994812)

1-2
(1, 6.951680965721607) +- (0.722763232313235, 0.722763232313235)
(4, 6.941122282296419) +- (0.6244119000060333, 0.6244119000060333)
(16, 6.701161339879036) +- (0.9173054455335438, 0.9173054455335438)
(64, 6.551788188517094) +- (0.21420608293367002, 0.21420608293367002)
(256, 6.612644158303738) +- (0.5179254451917548, 0.5179254451917548)
(1024, 6.483362428843975) +- (0.6845303628991636, 0.6845303628991636)
(4096, 6.57790033146739) +- (0.6228511723545311, 0.6228511723545311)
(16384, 6.899875495582819) +- (0.8600280218761669, 0.8600280218761669)
(65536, 6.6452969796955585) +- (0.2250535286559826, 0.2250535286559826)
(262144, 6.253243610262871) +- (1.0872294033130347, 1.0872294033130347)
(1048576, 6.655917037278414) +- (0.973397799597091, 0.973397799597091)
(4194304, 6.18867939338088) +- (1.051149616973086, 1.051149616973086)
(16777216, 7.274830993264914) +- (1.991792651055708, 1.991792651055708)

2-3
(1, 40.59644201770425) +- (2.195074049819615, 2.195074049819615)
(4, 57.865236792713404) +- (44.546234641507084, 44.546234641507084)
(16, 39.36642240732908) +- (2.471089753315339, 2.471089753315339)
(64, 38.306561671197414) +- (2.0873153205748745, 2.0873153205748745)
(256, 36.96709368377924) +- (1.033368945991478, 1.033368945991478)
(1024, 37.78467504307628) +- (3.2437999704165845, 3.2437999704165845)
(4096, 39.66282047331333) +- (2.160503884935133, 2.160503884935133)
(16384, 39.9187489412725) +- (2.140452465874419, 2.140452465874419)
(65536, 41.28995845094323) +- (4.5820308038941056, 4.5820308038941056)
(262144, 39.60738414898515) +- (1.3744939718823947, 1.3744939718823947)
(1048576, 38.146673794835806) +- (1.5427350180493553, 1.5427350180493553)
(4194304, 41.19279654696584) +- (3.0415288425168265, 3.0415288425168265)
(16777216, 39.635077118873596) +- (3.839192021927775, 3.839192021927775)

3-4
(1, 13.048967998474836) +- (1.441379662688414, 1.441379662688414)
(4, 11.77179291844368) +- (0.6800304830783257, 0.6800304830783257)
(16, 12.18395559117198) +- (0.4601340807904791, 0.4601340807904791)
(64, 12.954967934638262) +- (1.2757025572029221, 1.2757025572029221)
(256, 14.730258379131556) +- (0.423669106518017, 0.423669106518017)
(1024, 35.99132476374507) +- (1.7328197710971318, 1.7328197710971318)
(4096, 139.32631211355329) +- (0.3252522352432656, 0.3252522352432656)
(16384, 551.9216819666326) +- (2.205961396920483, 2.205961396920483)
(65536, 2197.086467780173) +- (2.7649793467121637, 2.7649793467121637)
(262144, 8775.608973950148) +- (1.853417257909186, 1.853417257909186)
(1048576, 35087.02914258465) +- (0.5726624726572638, 0.5726624726572638)
(4194304, 70171.37188417837) +- (0.9391750234351068, 0.9391750234351068)
(16777216, 140343.40330408886) +- (5.154541132458327, 5.154541132458327)

4-5
(1, 3.2834495417773724) +- (0.30991746352188476, 0.30991746352188476)
(4, 3.1579576432704926) +- (0.503776039618621, 0.503776039618621)
(16, 3.2203905284404755) +- (0.19630880237909817, 0.19630880237909817)
(64, 3.197318408638239) +- (0.32601235796561334, 0.32601235796561334)
(256, 3.176841326057911) +- (0.1806048188596935, 0.1806048188596935)
(1024, 3.6262708716094494) +- (0.3524742431532792, 0.3524742431532792)
(4096, 4.086224641650915) +- (0.48587781680787073, 0.48587781680787073)
(16384, 4.337372072041035) +- (0.36492058806303507, 0.36492058806303507)
(65536, 4.63385172188282) +- (0.46680943994304946, 0.46680943994304946)
(262144, 7.707406021654606) +- (4.600278414422306, 4.600278414422306)
(1048576, 4.573869053274393) +- (0.3667457431292985, 0.3667457431292985)
(4194304, 4.951412044465542) +- (0.3169366097411699, 0.3169366097411699)
(16777216, 5.893732886761427) +- (0.7919083586096087, 0.7919083586096087)

