1-4
(1, 0.0) +- (0.0, 0.0)
(4, 0.0) +- (0.0, 0.0)
(16, 0.0) +- (0.0, 0.0)
(64, 0.0) +- (0.0, 0.0)
(256, 0.0) +- (0.0, 0.0)
(1024, 0.0) +- (0.0, 0.0)
(4096, 0.0) +- (0.0, 0.0)
(16384, 0.0) +- (0.0, 0.0)
(65536, 0.0) +- (0.0, 0.0)
(262144, 0.0) +- (0.0, 0.0)
(1048576, 0.0) +- (0.0, 0.0)
(4194304, 0.0) +- (0.0, 0.0)
(16777216, 0.0) +- (0.0, 0.0)

1-2
(1, -0.16510200693777957) +- (0.019392359607066673, 0.019392359607066673)
(4, -0.15765531105435) +- (0.005979245850143849, 0.005979245850143849)
(16, -0.1321070125703655) +- (0.03120091271663999, 0.03120091271663999)
(64, -0.1331551854336729) +- (0.03301043008471574, 0.03301043008471574)
(256, -0.1472071726790518) +- (0.04361352414662404, 0.04361352414662404)
(1024, -0.15935541190755614) +- (0.026652455097678395, 0.026652455097678395)
(4096, -0.15458760029060217) +- (0.013603841081789497, 0.013603841081789497)
(16384, -0.15473034751952985) +- (0.008871192091394834, 0.008871192091394834)
(65536, -0.1401847013285898) +- (0.012269695369629206, 0.012269695369629206)
(262144, -0.16517123560109603) +- (0.027347185505293744, 0.027347185505293744)
(1048576, -0.15940606263067938) +- (0.015079266655853582, 0.015079266655853582)
(4194304, -0.14848706070621048) +- (0.01416865838276416, 0.01416865838276416)
(16777216, -0.12524083078155573) +- (0.02004157559416651, 0.02004157559416651)

2-3
(1, 0.0) +- (0.0, 0.0)
(4, 0.0) +- (0.0, 0.0)
(16, 0.0) +- (0.0, 0.0)
(64, 0.0) +- (0.0, 0.0)
(256, 0.0) +- (0.0, 0.0)
(1024, 0.0) +- (0.0, 0.0)
(4096, 0.0) +- (0.0, 0.0)
(16384, 0.0) +- (0.0, 0.0)
(65536, 0.0) +- (0.0, 0.0)
(262144, 0.0) +- (0.0, 0.0)
(1048576, 0.0) +- (0.0, 0.0)
(4194304, 0.0) +- (0.0, 0.0)
(16777216, 0.0) +- (0.0, 0.0)

3-4
(1, 0.3135390918620837) +- (0.062058740524348184, 0.062058740524348184)
(4, 0.3065541298470926) +- (0.03970396354197816, 0.03970396354197816)
(16, 0.27622930268574597) +- (0.03766286141409202, 0.03766286141409202)
(64, 0.3213164850189055) +- (0.04654484042929548, 0.04654484042929548)
(256, 0.2941299468269463) +- (0.09587642897006027, 0.09587642897006027)
(1024, 0.27660637891999684) +- (0.032875552313788296, 0.032875552313788296)
(4096, 0.2917559274785166) +- (0.013121606459891, 0.013121606459891)
(16384, 0.23206891733896162) +- (0.024761553324964953, 0.024761553324964953)
(65536, 0.2781527228482516) +- (0.03780402396827921, 0.03780402396827921)
(262144, 0.297941806928781) +- (0.029835593727053446, 0.029835593727053446)
(1048576, 0.27642185706297767) +- (0.04964739214004814, 0.04964739214004814)
(4194304, 0.2818774134789298) +- (0.008836523869497716, 0.008836523869497716)
(16777216, 0.2321610996013967) +- (0.030299285948180047, 0.030299285948180047)

