1-5
(1, 0.0) +- (0.0, 0.0)
(4, 0.0) +- (0.0, 0.0)
(16, 0.0) +- (0.0, 0.0)
(64, 0.0) +- (0.0, 0.0)
(256, 0.0) +- (0.0, 0.0)
(1024, 0.0) +- (0.0, 0.0)
(4096, 0.0) +- (0.0, 0.0)
(16384, 0.0) +- (0.0, 0.0)
(65536, 0.0) +- (0.0, 0.0)
(262144, 0.0) +- (0.0, 0.0)
(1048576, 0.0) +- (0.0, 0.0)
(4194304, 0.0) +- (0.0, 0.0)
(16777216, 0.0) +- (0.0, 0.0)

1-2
(1, -0.14171132199018624) +- (0.014887812465006754, 0.014887812465006754)
(4, -0.14155808590857524) +- (0.012053712727754514, 0.012053712727754514)
(16, -0.148127985309695) +- (0.02196958785590941, 0.02196958785590941)
(64, -0.14918143090064961) +- (0.004918720617700597, 0.004918720617700597)
(256, -0.14841009473353253) +- (0.011649221103459697, 0.011649221103459697)
(1024, -0.1520227654215986) +- (0.016580284746729648, 0.016580284746729648)
(4096, -0.14956689414260993) +- (0.014655222987443975, 0.014655222987443975)
(16384, -0.14312705401010403) +- (0.0160531013132022, 0.0160531013132022)
(65536, -0.1470929869390843) +- (0.005078557989895514, 0.005078557989895514)
(262144, -0.16035587251141806) +- (0.0302028446573122, 0.0302028446573122)
(1048576, -0.1492974882851021) +- (0.022270373792738957, 0.022270373792738957)
(4194304, -0.16129360983440655) +- (0.02609922667716893, 0.02609922667716893)
(16777216, -0.1429748715054075) +- (0.04080167378659814, 0.04080167378659814)

2-3
(1, 0.0) +- (0.0, 0.0)
(4, 0.0) +- (0.0, 0.0)
(16, 0.0) +- (0.0, 0.0)
(64, 0.0) +- (0.0, 0.0)
(256, 0.0) +- (0.0, 0.0)
(1024, 0.0) +- (0.0, 0.0)
(4096, 0.0) +- (0.0, 0.0)
(16384, 0.0) +- (0.0, 0.0)
(65536, 0.0) +- (0.0, 0.0)
(262144, 0.0) +- (0.0, 0.0)
(1048576, 0.0) +- (0.0, 0.0)
(4194304, 0.0) +- (0.0, 0.0)
(16777216, 0.0) +- (0.0, 0.0)

3-4
(1, 0.0) +- (0.0, 0.0)
(4, 0.0) +- (0.0, 0.0)
(16, 0.0) +- (0.0, 0.0)
(64, 0.0) +- (0.0, 0.0)
(256, 0.0) +- (0.0, 0.0)
(1024, 0.0) +- (0.0, 0.0)
(4096, 0.0) +- (0.0, 0.0)
(16384, 0.0) +- (0.0, 0.0)
(65536, 0.0) +- (0.0, 0.0)
(262144, 0.0) +- (0.0, 0.0)
(1048576, 0.0) +- (0.0, 0.0)
(4194304, 0.0) +- (0.0, 0.0)
(16777216, 0.0) +- (0.0, 0.0)

4-5
(1, 0.29951594889351757) +- (0.02780971847263712, 0.02780971847263712)
(4, 0.3152053965867845) +- (0.04708889569414308, 0.04708889569414308)
(16, 0.30414111702739266) +- (0.018415937475807553, 0.018415937475807553)
(64, 0.30796617423020606) +- (0.03125370034028799, 0.03125370034028799)
(256, 0.3082054169818799) +- (0.017729727548613246, 0.017729727548613246)
(1024, 0.2713408039776116) +- (0.026322912771292156, 0.026322912771292156)
(4096, 0.24189694500428163) +- (0.030739954018337793, 0.030739954018337793)
(16384, 0.2263567085511206) +- (0.017965027102941972, 0.017965027102941972)
(65536, 0.21251351449607614) +- (0.021999326153405836, 0.021999326153405836)
(262144, 0.16341352102382783) +- (0.07792682686658317, 0.07792682686658317)
(1048576, 0.21456067242207855) +- (0.016414505712370273, 0.016414505712370273)
(4194304, 0.1978870103916126) +- (0.012855222916170462, 0.012855222916170462)
(16777216, 0.1681027908867951) +- (0.022553997832243322, 0.022553997832243322)

