1-5
(1, 0.0) +- (0.0, 0.0)
(4, 0.0) +- (0.0, 0.0)
(16, 0.0) +- (0.0, 0.0)
(64, 0.0) +- (0.0, 0.0)
(256, 0.0) +- (0.0, 0.0)
(1024, 0.0) +- (0.0, 0.0)
(4096, 0.0) +- (0.0, 0.0)
(16384, 0.0) +- (0.0, 0.0)
(65536, 0.0) +- (0.0, 0.0)
(262144, 0.0) +- (0.0, 0.0)
(1048576, 0.0) +- (0.0, 0.0)
(4194304, 0.0) +- (0.0, 0.0)
(16777216, 0.0) +- (0.0, 0.0)
(67108864, 0.0) +- (0.0, 0.0)

1-2
(1, -0.11050204748014311) +- (0.047864175010755065, 0.047864175010755065)
(4, -0.09364536000257168) +- (0.027046952040372635, 0.027046952040372635)
(16, -0.10970474096611112) +- (0.046744688220918505, 0.046744688220918505)
(64, -0.10813025714137882) +- (0.01735255101796988, 0.01735255101796988)
(256, -0.09909014977346456) +- (0.04361322650225207, 0.04361322650225207)
(1024, -0.11021531931149878) +- (0.05081686923992577, 0.05081686923992577)
(4096, -0.12817102223986074) +- (0.0492469146146238, 0.0492469146146238)
(16384, -0.09938209044003271) +- (0.01337950317909833, 0.01337950317909833)
(65536, -0.1137024346146935) +- (0.046057954215422324, 0.046057954215422324)
(262144, -0.1022203870048202) +- (0.02054793597812785, 0.02054793597812785)
(1048576, -0.09870754482402314) +- (0.026704209108942913, 0.026704209108942913)
(4194304, -0.12982514761105998) +- (0.06365721757425491, 0.06365721757425491)
(16777216, -0.07234912789361542) +- (0.017295801959855753, 0.017295801959855753)
(67108864, -0.07791559568995599) +- (0.017283032702314165, 0.017283032702314165)

2-3
(1, 0.0) +- (0.0, 0.0)
(4, 0.0) +- (0.0, 0.0)
(16, 0.0) +- (0.0, 0.0)
(64, 0.0) +- (0.0, 0.0)
(256, 0.0) +- (0.0, 0.0)
(1024, 0.0) +- (0.0, 0.0)
(4096, 0.0) +- (0.0, 0.0)
(16384, 0.0) +- (0.0, 0.0)
(65536, 0.0) +- (0.0, 0.0)
(262144, 0.0) +- (0.0, 0.0)
(1048576, 0.0) +- (0.0, 0.0)
(4194304, 0.0) +- (0.0, 0.0)
(16777216, 0.0) +- (0.0, 0.0)
(67108864, 0.0) +- (0.0, 0.0)

3-4
(1, 0.0) +- (0.0, 0.0)
(4, 0.0) +- (0.0, 0.0)
(16, 0.0) +- (0.0, 0.0)
(64, 0.0) +- (0.0, 0.0)
(256, 0.0) +- (0.0, 0.0)
(1024, 0.0) +- (0.0, 0.0)
(4096, 0.0) +- (0.0, 0.0)
(16384, 0.0) +- (0.0, 0.0)
(65536, 0.0) +- (0.0, 0.0)
(262144, 0.0) +- (0.0, 0.0)
(1048576, 0.0) +- (0.0, 0.0)
(4194304, 0.0) +- (0.0, 0.0)
(16777216, 0.0) +- (0.0, 0.0)
(67108864, 0.0) +- (0.0, 0.0)

4-5
(1, 0.2663129501382702) +- (0.09631825198763545, 0.09631825198763545)
(4, 0.31990236063927163) +- (0.08127943621344615, 0.08127943621344615)
(16, 0.2727567986147782) +- (0.053484294607538625, 0.053484294607538625)
(64, 0.29043981131033775) +- (0.05619961390061733, 0.05619961390061733)
(256, 0.2568956278085549) +- (0.04460968398508959, 0.04460968398508959)
(1024, 0.21677917571342162) +- (0.043826262632063843, 0.043826262632063843)
(4096, 0.15980279009310827) +- (0.008202216369794568, 0.008202216369794568)
(16384, 0.18457979417694956) +- (0.035053584424781334, 0.035053584424781334)
(65536, 0.1659450417916067) +- (0.01922174746262474, 0.01922174746262474)
(262144, 0.16774257647603188) +- (0.04582706806642614, 0.04582706806642614)
(1048576, 0.1521383365408078) +- (0.043893247750045813, 0.043893247750045813)
(4194304, 0.10354136079692759) +- (0.026163793063593746, 0.026163793063593746)
(16777216, 0.0881684502739832) +- (0.009389038623635599, 0.009389038623635599)
(67108864, 0.0565825282222047) +- (0.01783516528044797, 0.01783516528044797)

