1-4
(1, 0.0) +- (0.0, 0.0)
(4, 0.0) +- (0.0, 0.0)
(16, 0.0) +- (0.0, 0.0)
(64, 0.0) +- (0.0, 0.0)
(256, 0.0) +- (0.0, 0.0)
(1024, 0.0) +- (0.0, 0.0)
(4096, 0.0) +- (0.0, 0.0)
(16384, 0.0) +- (0.0, 0.0)
(65536, 0.0) +- (0.0, 0.0)
(262144, 0.0) +- (0.0, 0.0)
(1048576, 0.0) +- (0.0, 0.0)
(4194304, 0.0) +- (0.0, 0.0)
(16777216, 0.0) +- (0.0, 0.0)
(67108864, 0.0) +- (0.0, 0.0)

1-2
(1, -0.10247852347146248) +- (0.014469485800743875, 0.014469485800743875)
(4, -0.10294479083575883) +- (0.04232968304867695, 0.04232968304867695)
(16, -0.10530538466539345) +- (0.024128230920837948, 0.024128230920837948)
(64, -0.12322877465884317) +- (0.05184892828065318, 0.05184892828065318)
(256, -0.10140872886186968) +- (0.0190091317527399, 0.0190091317527399)
(1024, -0.06438891137948155) +- (0.016234556118662192, 0.016234556118662192)
(4096, -0.08649388394098119) +- (0.018109844801271466, 0.018109844801271466)
(16384, -0.13636225873026359) +- (0.042331422249212595, 0.042331422249212595)
(65536, -0.12383505447018367) +- (0.04717753046314807, 0.04717753046314807)
(262144, -0.10847725673298095) +- (0.029666767787850542, 0.029666767787850542)
(1048576, -0.07015762006088569) +- (0.03851605473979923, 0.03851605473979923)
(4194304, -0.11400029309985968) +- (0.045863800698422746, 0.045863800698422746)
(16777216, -0.0903057486589262) +- (0.03732453129588098, 0.03732453129588098)
(67108864, -0.10477319488066435) +- (0.032373338653509255, 0.032373338653509255)

2-3
(1, 0.0) +- (0.0, 0.0)
(4, 0.0) +- (0.0, 0.0)
(16, 0.0) +- (0.0, 0.0)
(64, 0.0) +- (0.0, 0.0)
(256, 0.0) +- (0.0, 0.0)
(1024, 0.0) +- (0.0, 0.0)
(4096, 0.0) +- (0.0, 0.0)
(16384, 0.0) +- (0.0, 0.0)
(65536, 0.0) +- (0.0, 0.0)
(262144, 0.0) +- (0.0, 0.0)
(1048576, 0.0) +- (0.0, 0.0)
(4194304, 0.0) +- (0.0, 0.0)
(16777216, 0.0) +- (0.0, 0.0)
(67108864, 0.0) +- (0.0, 0.0)

3-4
(1, 0.2554389705210873) +- (0.03849168568024908, 0.03849168568024908)
(4, 0.28606842244233865) +- (0.0938917852406911, 0.0938917852406911)
(16, 0.2447095723033202) +- (0.0500884415980182, 0.0500884415980182)
(64, 0.26236927805848753) +- (0.03580714190228892, 0.03580714190228892)
(256, 0.2626132393883729) +- (0.04342797658478878, 0.04342797658478878)
(1024, 0.24586231858808058) +- (0.055119168574588547, 0.055119168574588547)
(4096, 0.2385623959362629) +- (0.052506731077937095, 0.052506731077937095)
(16384, 0.2652046654176418) +- (0.06328652723611086, 0.06328652723611086)
(65536, 0.270107268252725) +- (0.07314584374670768, 0.07314584374670768)
(262144, 0.25127883279057034) +- (0.04855610039900175, 0.04855610039900175)
(1048576, 0.11222851562358424) +- (0.07336073090680155, 0.07336073090680155)
(4194304, 0.12951127100031215) +- (0.07135979215247422, 0.07135979215247422)
(16777216, 0.10580379147441969) +- (0.044246727312403894, 0.044246727312403894)
(67108864, 0.0863349973401748) +- (0.02090407641621708, 0.02090407641621708)

