1-4
(1, 57.112536509521306) +- (8.407040184831098, 8.407040184831098)
(4, 56.23295984696597) +- (11.793969379076035, 11.793969379076035)
(16, 53.41999843949452) +- (5.300087949871256, 5.300087949871256)
(64, 57.000584551133215) +- (8.43532157591276, 8.43532157591276)
(256, 58.25465882662684) +- (6.850521644929203, 6.850521644929203)
(1024, 85.21512075094506) +- (5.902286391204387, 5.902286391204387)
(4096, 183.8580758194439) +- (4.967775362017276, 4.967775362017276)
(16384, 589.1449404298328) +- (5.882785374957143, 5.882785374957143)
(65536, 2235.8132926747203) +- (6.055607476423665, 6.055607476423665)
(262144, 8815.691706782673) +- (7.377776402486189, 7.377776402486189)
(1048576, 35162.0797374635) +- (41.56027766169703, 41.56027766169703)
(4194304, 70222.89188200375) +- (9.42674967617737, 9.42674967617737)
(16777216, 140390.31270029955) +- (5.567577937607568, 5.567577937607568)
(67108864, 210560.55020843633) +- (10.223327589472854, 10.223327589472854)

1-2
(1, 9.706967801321298) +- (1.445389350488202, 1.445389350488202)
(4, 11.139046517200768) +- (4.971435394576735, 4.971435394576735)
(16, 9.687995596323162) +- (2.1309241728070805, 2.1309241728070805)
(64, 8.896823565009981) +- (2.7783133597204, 2.7783133597204)
(256, 9.890588815324008) +- (1.6044901045995419, 1.6044901045995419)
(1024, 15.819699969142675) +- (3.0068460627194935, 3.0068460627194935)
(4096, 11.687829857692122) +- (2.2019550898433935, 2.2019550898433935)
(16384, 7.835609780158848) +- (2.568027234150509, 2.568027234150509)
(65536, 8.890552329830825) +- (3.1255990411572547, 3.1255990411572547)
(262144, 10.245234880130738) +- (5.374444430021563, 5.374444430021563)
(1048576, 16.685467620845884) +- (5.980447325968253, 5.980447325968253)
(4194304, 10.185017657931894) +- (4.964141429449246, 4.964141429449246)
(16777216, 12.423255015164614) +- (5.211047650070236, 5.211047650070236)
(67108864, 10.033854516223073) +- (3.099535808115639, 3.099535808115639)

2-3
(1, 43.50837232777849) +- (8.414373002775855, 8.414373002775855)
(4, 41.29384853877127) +- (9.509493774962621, 9.509493774962621)
(16, 39.57506926963106) +- (5.968519906324759, 5.968519906324759)
(64, 44.32188411010429) +- (5.66342357631713, 5.66342357631713)
(256, 44.56947912694886) +- (5.737342901585384, 5.737342901585384)
(1024, 65.25817612418905) +- (3.076708861960566, 3.076708861960566)
(4096, 167.88427776191384) +- (4.508685826862937, 4.508685826862937)
(16384, 577.4231032701209) +- (3.166072818124412, 3.166072818124412)
(65536, 2223.014097486157) +- (5.50180375110381, 5.50180375110381)
(262144, 8801.419389608782) +- (4.854422342774423, 4.854422342774423)
(1048576, 35134.579870675225) +- (42.15861727234178, 42.15861727234178)
(4194304, 70202.7075237711) +- (4.867311899108447, 4.867311899108447)
(16777216, 140367.087402381) +- (1.6576690538054297, 1.6576690538054297)
(67108864, 210538.7123543769) +- (5.709992140230317, 5.709992140230317)

3-4
(1, 3.8971963804215193) +- (0.5682075624888131, 0.5682075624888131)
(4, 3.800064790993929) +- (1.4137005882668217, 1.4137005882668217)
(16, 4.1569335735403) +- (0.9414339437614349, 0.9414339437614349)
(64, 3.7818768760189414) +- (0.5072764672671605, 0.5072764672671605)
(256, 3.7945908843539655) +- (0.5318407733651689, 0.5318407733651689)
(1024, 4.137244657613337) +- (0.8535092320727606, 0.8535092320727606)
(4096, 4.285968199837953) +- (1.0345336600386046, 1.0345336600386046)
(16384, 3.88622737955302) +- (0.9851917068540929, 0.9851917068540929)
(65536, 3.9086428587324917) +- (1.3388862458475994, 1.3388862458475994)
(262144, 4.0270822937600315) +- (0.8485278856257148, 0.8485278856257148)
(1048576, 10.814399167429656) +- (4.010118446577455, 4.010118446577455)
(4194304, 9.999340574722737) +- (5.766322829142392, 5.766322829142392)
(16777216, 10.802042903378606) +- (5.339751749894361, 5.339751749894361)
(67108864, 11.803999543190002) +- (2.7547358725535904, 2.7547358725535904)

