1-5
(1, 62.41247814614326) +- (7.417056973366694, 7.417056973366694)
(4, 61.7878723423928) +- (6.744291491224881, 6.744291491224881)
(16, 58.020680327899754) +- (5.792550412007189, 5.792550412007189)
(64, 65.14090846758336) +- (4.662760814601372, 4.662760814601372)
(256, 67.49686121474952) +- (3.811886906845897, 3.811886906845897)
(1024, 86.73014136729762) +- (4.741414043270759, 4.741414043270759)
(4096, 189.47304598987103) +- (6.61961380142325, 6.61961380142325)
(16384, 602.676480426453) +- (4.468681342490006, 4.468681342490006)
(65536, 2246.792590653058) +- (5.733929848926156, 5.733929848926156)
(262144, 8831.842693616636) +- (7.52874084173339, 7.52874084173339)
(1048576, 35145.20027959952) +- (3.945668924413771, 3.945668924413771)
(4194304, 70232.35663416563) +- (12.445327628264227, 12.445327628264227)
(16777216, 140405.26756364852) +- (1.7755805778903107, 1.7755805778903107)
(67108864, 210589.91790935397) +- (12.161229922899743, 12.161229922899743)

1-2
(1, 9.91706782951951) +- (3.060496444247467, 3.060496444247467)
(4, 11.41000393545255) +- (3.9369843478056206, 3.9369843478056206)
(16, 10.061402805149555) +- (3.289223938414913, 3.289223938414913)
(64, 9.22805757727474) +- (1.414350531808695, 1.414350531808695)
(256, 11.574377887882292) +- (4.832966354908726, 4.832966354908726)
(1024, 9.846866829320788) +- (2.5240815872983755, 2.5240815872983755)
(4096, 8.501428354065865) +- (2.6810831433844324, 2.6810831433844324)
(16384, 9.989420301280916) +- (1.3904027490205957, 1.3904027490205957)
(65536, 9.678459959104657) +- (3.1187914664308787, 3.1187914664308787)
(262144, 9.8700086819008) +- (1.83351526064932, 1.83351526064932)
(1048576, 10.481079982127994) +- (2.534685306976045, 2.534685306976045)
(4194304, 9.264748310670257) +- (4.682034617820986, 4.682034617820986)
(16777216, 14.04692861251533) +- (3.091501921730239, 3.091501921730239)
(67108864, 12.93210918083787) +- (2.4038372148456846, 2.4038372148456846)

2-3
(1, 37.65294392360374) +- (7.404373720465725, 7.404373720465725)
(4, 36.26649867510423) +- (5.995198438990866, 5.995198438990866)
(16, 33.892394218128175) +- (4.14899275016396, 4.14899275016396)
(64, 40.51906993845478) +- (5.656973727612789, 5.656973727612789)
(256, 37.58613811805844) +- (4.441652495814481, 4.441652495814481)
(1024, 37.459603569004685) +- (3.9674508439685963, 3.9674508439685963)
(4096, 36.7510921205394) +- (3.931293447262923, 3.931293447262923)
(16384, 37.72174712503329) +- (2.779291290979295, 2.779291290979295)
(65536, 35.669557692017406) +- (4.986783933366119, 4.986783933366119)
(262144, 42.553127044811845) +- (7.3397961653827934, 7.3397961653827934)
(1048576, 39.49049289803952) +- (2.57492379717527, 2.57492379717527)
(4194304, 40.237390785478055) +- (5.9229059968824584, 5.9229059968824584)
(16777216, 39.265099447220564) +- (3.272509790574446, 3.272509790574446)
(67108864, 43.30159048549831) +- (3.3814863737694485, 3.3814863737694485)

3-4
(1, 10.748344822786748) +- (2.4982426608640806, 2.4982426608640806)
(4, 10.87044586893171) +- (1.4255045482916167, 1.4255045482916167)
(16, 10.362977162003517) +- (0.4718299504716692, 0.4718299504716692)
(64, 11.905718769412488) +- (1.323831265845843, 1.323831265845843)
(256, 14.425206580199301) +- (2.946523131923134, 2.946523131923134)
(1024, 34.77984125493094) +- (0.6007097519719263, 0.6007097519719263)
(4096, 138.09563231188804) +- (0.598548516194132, 0.598548516194132)
(16384, 549.4954994646832) +- (0.7272885145800747, 0.7272885145800747)
(65536, 2195.489160832949) +- (3.031156898474632, 3.031156898474632)
(262144, 8773.258217494003) +- (1.6507270557613334, 1.6507270557613334)
(1048576, 35088.37353205308) +- (3.2965040020941165, 3.2965040020941165)
(4194304, 70172.79733187752) +- (1.8434740258162914, 1.8434740258162914)
(16777216, 140340.7757480163) +- (1.1124353638938196, 1.1124353638938196)
(67108864, 210514.90141055547) +- (3.3784725297266767, 3.3784725297266767)

4-5
(1, 4.094121570233256) +- (1.3724830456494352, 1.3724830456494352)
(4, 3.2409238629043102) +- (0.8620566369036082, 0.8620566369036082)
(16, 3.703906142618507) +- (0.7292817784311801, 0.7292817784311801)
(64, 3.488062182441354) +- (0.7492719844715096, 0.7492719844715096)
(256, 3.9111386286094785) +- (0.7286083764255422, 0.7286083764255422)
(1024, 4.643829714041203) +- (0.811991129419781, 0.811991129419781)
(4096, 6.124893203377724) +- (0.30846961825182456, 0.30846961825182456)
(16384, 5.469813535455614) +- (1.0860581139232715, 1.0860581139232715)
(65536, 5.955412168987095) +- (0.6986112565103356, 0.6986112565103356)
(262144, 6.161340395919979) +- (1.4696941718062917, 1.4696941718062917)
(1048576, 6.855174666270614) +- (1.7666462655201465, 1.7666462655201465)
(4194304, 10.057163191959262) +- (2.9127642408522276, 2.9127642408522276)
(16777216, 11.179787572473288) +- (1.2999085805289141, 1.2999085805289141)
(67108864, 18.782799132168293) +- (6.60271062198403, 6.60271062198403)

