1-4
(1, 0.0) +- (0.0, 0.0)
(4, 0.0) +- (0.0, 0.0)
(16, 0.0) +- (0.0, 0.0)
(64, 0.0) +- (0.0, 0.0)
(256, 0.0) +- (0.0, 0.0)
(1024, 0.0) +- (0.0, 0.0)
(4096, 0.0) +- (0.0, 0.0)
(16384, 0.0) +- (0.0, 0.0)
(65536, 0.0) +- (0.0, 0.0)
(262144, 0.0) +- (0.0, 0.0)
(1048576, 0.0) +- (0.0, 0.0)
(4194304, 0.0) +- (0.0, 0.0)
(16777216, 0.0) +- (0.0, 0.0)

1-2
(1, -0.07676498787016242) +- (0.01837043458789349, 0.01837043458789349)
(4, -0.12722896594078817) +- (0.05034707573879647, 0.05034707573879647)
(16, -0.1297898712472808) +- (0.0537202725101409, 0.0537202725101409)
(64, -0.13016787053904808) +- (0.09545242049621083, 0.09545242049621083)
(256, -0.10518262076510398) +- (0.0285936052413216, 0.0285936052413216)
(1024, -0.09762981062014564) +- (0.022433828048789843, 0.022433828048789843)
(4096, -0.10394384087433188) +- (0.007010601433992239, 0.007010601433992239)
(16384, -0.1509516327790961) +- (0.02571560796228594, 0.02571560796228594)
(65536, -0.11194965227692068) +- (0.05474495146915021, 0.05474495146915021)
(262144, -0.09578161149800599) +- (0.024438654264840324, 0.024438654264840324)
(1048576, -0.1147868930718436) +- (0.07159546469741897, 0.07159546469741897)
(4194304, -0.09773775696851124) +- (0.05591875330596171, 0.05591875330596171)
(16777216, -0.07645213796686291) +- (0.014336474238670557, 0.014336474238670557)

2-3
(1, 0.0) +- (0.0, 0.0)
(4, 0.0) +- (0.0, 0.0)
(16, 0.0) +- (0.0, 0.0)
(64, 0.0) +- (0.0, 0.0)
(256, 0.0) +- (0.0, 0.0)
(1024, 0.0) +- (0.0, 0.0)
(4096, 0.0) +- (0.0, 0.0)
(16384, 0.0) +- (0.0, 0.0)
(65536, 0.0) +- (0.0, 0.0)
(262144, 0.0) +- (0.0, 0.0)
(1048576, 0.0) +- (0.0, 0.0)
(4194304, 0.0) +- (0.0, 0.0)
(16777216, 0.0) +- (0.0, 0.0)

3-4
(1, 0.276568057727466) +- (0.03490643365806282, 0.03490643365806282)
(4, 0.33696103813652617) +- (0.06021925566316439, 0.06021925566316439)
(16, 0.30616913167954296) +- (0.05722337858068453, 0.05722337858068453)
(64, 0.372315677163777) +- (0.11257993788035844, 0.11257993788035844)
(256, 0.3062550163079334) +- (0.08503332238397224, 0.08503332238397224)
(1024, 0.2746933982545646) +- (0.10602676733728728, 0.10602676733728728)
(4096, 0.22781749025866266) +- (0.05277108571396174, 0.05277108571396174)
(16384, 0.2796009837473887) +- (0.07056189214089595, 0.07056189214089595)
(65536, 0.26327874573781673) +- (0.03511647368807984, 0.03511647368807984)
(262144, 0.32540370060618895) +- (0.05114117653221611, 0.05114117653221611)
(1048576, 0.2544798811442996) +- (0.08059038756009429, 0.08059038756009429)
(4194304, 0.09996157346962231) +- (0.0497818145788753, 0.0497818145788753)
(16777216, 0.1058902969067588) +- (0.013820652094965429, 0.013820652094965429)

