1-4
(1, 49.70683827996254) +- (5.58464042802295, 5.58464042802295)
(4, 43.95003989338875) +- (5.425879417177476, 5.425879417177476)
(16, 45.5224190838635) +- (4.284840875590309, 4.284840875590309)
(64, 45.54918510839343) +- (9.092825260342808, 9.092825260342808)
(256, 51.96416089311242) +- (8.058631951572409, 8.058631951572409)
(1024, 73.25333813205361) +- (4.424255862936234, 4.424255862936234)
(4096, 177.1957946009934) +- (5.026333079968435, 5.026333079968435)
(16384, 578.818236105144) +- (3.1850233494567695, 3.1850233494567695)
(65536, 2231.3546987250447) +- (9.355200307705902, 9.355200307705902)
(262144, 8807.675115577877) +- (4.580863886670263, 4.580863886670263)
(1048576, 35120.36403026432) +- (7.6000273399689195, 7.6000273399689195)
(4194304, 70221.37134289369) +- (12.678800273548587, 12.678800273548587)
(16777216, 140385.35320432857) +- (5.603637724002077, 5.603637724002077)

1-2
(1, 13.323136325925589) +- (3.2048783268282213, 3.2048783268282213)
(4, 8.870647009462118) +- (3.9732909552212954, 3.9732909552212954)
(16, 8.376964554190636) +- (2.716719606170064, 2.716719606170064)
(64, 9.817516803741455) +- (4.202585934787489, 4.202585934787489)
(256, 9.941509086638689) +- (3.0629670726066296, 3.0629670726066296)
(1024, 10.598281491547823) +- (3.277855513418159, 3.277855513418159)
(4096, 9.428658243268728) +- (0.6233283218310341, 0.6233283218310341)
(16384, 6.613778602331877) +- (1.0640463203563728, 1.0640463203563728)
(65536, 10.074053518474102) +- (3.553591964798743, 3.553591964798743)
(262144, 10.905474983155727) +- (3.526003025785296, 3.526003025785296)
(1048576, 10.624973010271788) +- (4.571483853277878, 4.571483853277878)
(4194304, 12.628999538719654) +- (6.624785511692967, 6.624785511692967)
(16777216, 13.233727868646383) +- (3.086380061691209, 3.086380061691209)

2-3
(1, 32.8125886619091) +- (2.9196212454680457, 2.9196212454680457)
(4, 32.096765749156475) +- (3.431662092325219, 3.431662092325219)
(16, 33.84687518700957) +- (2.0240825581098654, 2.0240825581098654)
(64, 32.77939725667238) +- (5.182335225500496, 5.182335225500496)
(256, 38.634219486266375) +- (5.187678586554172, 5.187678586554172)
(1024, 58.71148714795709) +- (4.213973766811363, 4.213973766811363)
(4096, 163.29971691593528) +- (3.8019804879783092, 3.8019804879783092)
(16384, 568.5625208541751) +- (2.5333402483550813, 2.5333402483550813)
(65536, 2217.52454880625) +- (8.212957896035034, 8.212957896035034)
(262144, 8793.707531224936) +- (2.7598255256967734, 2.7598255256967734)
(1048576, 35105.405137035996) +- (2.44219350284621, 2.44219350284621)
(4194304, 70197.39781552926) +- (5.351673138271387, 5.351673138271387)
(16777216, 140362.78169117868) +- (4.082380272613309, 4.082380272613309)

3-4
(1, 3.5711132921278477) +- (0.39834335015494676, 0.39834335015494676)
(4, 2.982627134770155) +- (0.5933638249158565, 0.5933638249158565)
(16, 3.298579342663288) +- (0.7347078383692922, 0.7347078383692922)
(64, 2.9522710479795933) +- (1.3835868781730298, 1.3835868781730298)
(256, 3.3884323202073574) +- (0.9112530300357384, 0.9112530300357384)
(1024, 3.943569492548704) +- (1.2769787965969646, 1.2769787965969646)
(4096, 4.467419441789389) +- (0.9797417983724245, 0.9797417983724245)
(16384, 3.6419366486370564) +- (0.7494639864668234, 0.7494639864668234)
(65536, 3.75609640032053) +- (0.440468665662214, 0.440468665662214)
(262144, 3.0621093697845936) +- (0.4875026033519092, 0.4875026033519092)
(1048576, 4.33392021805048) +- (2.004303958525313, 2.004303958525313)
(4194304, 11.344527825713158) +- (4.117371541040573, 4.117371541040573)
(16777216, 9.33778528124094) +- (1.1108172962980862, 1.1108172962980862)

