1-5
(1, 0.0) +- (0.0, 0.0)
(4, 0.0) +- (0.0, 0.0)
(16, 0.0) +- (0.0, 0.0)
(64, 0.0) +- (0.0, 0.0)
(256, 0.0) +- (0.0, 0.0)
(1024, 0.0) +- (0.0, 0.0)
(4096, 0.0) +- (0.0, 0.0)
(16384, 0.0) +- (0.0, 0.0)
(65536, 0.0) +- (0.0, 0.0)
(262144, 0.0) +- (0.0, 0.0)
(1048576, 0.0) +- (0.0, 0.0)
(4194304, 0.0) +- (0.0, 0.0)
(16777216, 0.0) +- (0.0, 0.0)

1-2
(1, -0.09550604034981468) +- (0.014497836023128402, 0.014497836023128402)
(4, -0.10008393377249002) +- (0.020471848730631147, 0.020471848730631147)
(16, -0.10322723238429184) +- (0.02379843135661534, 0.02379843135661534)
(64, -0.09947097096974837) +- (0.01511599951019949, 0.01511599951019949)
(256, -0.1221136447158417) +- (0.012286839042829538, 0.012286839042829538)
(1024, -0.10699120255969345) +- (0.016533768591349505, 0.016533768591349505)
(4096, -0.10816645586049614) +- (0.02730772523184644, 0.02730772523184644)
(16384, -0.11007514069728244) +- (0.030443312354, 0.030443312354)
(65536, -0.12689781960986193) +- (0.038547430133290476, 0.038547430133290476)
(262144, -0.12451087538618141) +- (0.04587781256849903, 0.04587781256849903)
(1048576, -0.1489353341123933) +- (0.08360799679840208, 0.08360799679840208)
(4194304, -0.084570353985795) +- (0.05651051016975916, 0.05651051016975916)
(16777216, -0.1074565478457695) +- (0.031408665042073666, 0.031408665042073666)

2-3
(1, 0.0) +- (0.0, 0.0)
(4, 0.0) +- (0.0, 0.0)
(16, 0.0) +- (0.0, 0.0)
(64, 0.0) +- (0.0, 0.0)
(256, 0.0) +- (0.0, 0.0)
(1024, 0.0) +- (0.0, 0.0)
(4096, 0.0) +- (0.0, 0.0)
(16384, 0.0) +- (0.0, 0.0)
(65536, 0.0) +- (0.0, 0.0)
(262144, 0.0) +- (0.0, 0.0)
(1048576, 0.0) +- (0.0, 0.0)
(4194304, 0.0) +- (0.0, 0.0)
(16777216, 0.0) +- (0.0, 0.0)

3-4
(1, 0.0) +- (0.0, 0.0)
(4, 0.0) +- (0.0, 0.0)
(16, 0.0) +- (0.0, 0.0)
(64, 0.0) +- (0.0, 0.0)
(256, 0.0) +- (0.0, 0.0)
(1024, 0.0) +- (0.0, 0.0)
(4096, 0.0) +- (0.0, 0.0)
(16384, 0.0) +- (0.0, 0.0)
(65536, 0.0) +- (0.0, 0.0)
(262144, 0.0) +- (0.0, 0.0)
(1048576, 0.0) +- (0.0, 0.0)
(4194304, 0.0) +- (0.0, 0.0)
(16777216, 0.0) +- (0.0, 0.0)

4-5
(1, 0.2887918531516811) +- (0.021710585633238678, 0.021710585633238678)
(4, 0.25446152229389396) +- (0.027452317888178524, 0.027452317888178524)
(16, 0.24844163832451396) +- (0.0768350360009865, 0.0768350360009865)
(64, 0.22933606912731563) +- (0.032688370072883624, 0.032688370072883624)
(256, 0.2579167533306339) +- (0.044527844603846505, 0.044527844603846505)
(1024, 0.2043605335451523) +- (0.02245441089259709, 0.02245441089259709)
(4096, 0.16968737180081853) +- (0.01551030630539873, 0.01551030630539873)
(16384, 0.15098869804093154) +- (0.039593254353515885, 0.039593254353515885)
(65536, 0.22672031741600704) +- (0.07873771835702101, 0.07873771835702101)
(262144, 0.15125217905099936) +- (0.022244735960479184, 0.022244735960479184)
(1048576, 0.12630569028165928) +- (0.03083661093083121, 0.03083661093083121)
(4194304, 0.0794913164428496) +- (0.021579018293194405, 0.021579018293194405)
(16777216, 0.06110704523603589) +- (0.02417893654279652, 0.02417893654279652)

