1-5
(1, 55.54232560098171) +- (2.9152744755920104, 2.9152744755920104)
(4, 52.62956749647856) +- (4.358406853391346, 4.358406853391346)
(16, 59.826002921909094) +- (10.858590542242625, 10.858590542242625)
(64, 59.46663524955511) +- (3.352635974861527, 3.352635974861527)
(256, 57.11921686306596) +- (6.780441372665219, 6.780441372665219)
(1024, 78.66461295634508) +- (4.914013783395938, 4.914013783395938)
(4096, 182.04010454937816) +- (4.837747217646826, 4.837747217646826)
(16384, 596.7556655406952) +- (6.166589132711246, 6.166589132711246)
(65536, 2236.4254649728537) +- (8.709594006280936, 8.709594006280936)
(262144, 8819.725746661425) +- (3.5105655437904, 3.5105655437904)
(1048576, 35133.472493849695) +- (7.721436584709314, 7.721436584709314)
(4194304, 70234.65688759461) +- (13.75892471374623, 13.75892471374623)
(16777216, 140405.87105508894) +- (10.043752699989362, 10.043752699989362)

1-2
(1, 10.405599512159824) +- (1.49838955375831, 1.49838955375831)
(4, 10.037616826593876) +- (1.7216601558588756, 1.7216601558588756)
(16, 9.803289081901312) +- (1.8813404391085182, 1.8813404391085182)
(64, 9.97491106390953) +- (1.2973688507326526, 1.2973688507326526)
(256, 8.064348250627518) +- (0.8387868199454469, 0.8387868199454469)
(1024, 9.290497656911612) +- (1.3227791584087298, 1.3227791584087298)
(4096, 9.556091111153364) +- (2.6979589503716315, 2.6979589503716315)
(16384, 9.483283944427967) +- (2.8308196020611445, 2.8308196020611445)
(65536, 8.204863499850035) +- (2.133447380896793, 2.133447380896793)
(262144, 8.560952451080084) +- (2.5460824220633382, 2.5460824220633382)
(1048576, 8.605894260108471) +- (4.844195696392772, 4.844195696392772)
(4194304, 14.951100572943687) +- (6.976098386893088, 6.976098386893088)
(16777216, 9.8248983733356) +- (3.162529972146433, 3.162529972146433)

2-3
(1, 32.549420557916164) +- (2.6996709216498567, 2.6996709216498567)
(4, 29.647949431091547) +- (2.7755989689824307, 2.7755989689824307)
(16, 35.46420466154814) +- (5.912429749667888, 5.912429749667888)
(64, 35.71823053061962) +- (3.405382874953156, 3.405382874953156)
(256, 32.293465826660395) +- (7.230241363999712, 7.230241363999712)
(1024, 31.4449911005795) +- (3.9251341162047577, 3.9251341162047577)
(4096, 29.6578879468143) +- (3.986961262985527, 3.986961262985527)
(16384, 30.73142310604453) +- (0.6353959758555958, 0.6353959758555958)
(65536, 29.187834542244673) +- (3.077904524172886, 3.077904524172886)
(262144, 32.38380756229162) +- (2.727601171744836, 2.727601171744836)
(1048576, 28.80671340972185) +- (2.0530701143437486, 2.0530701143437486)
(4194304, 34.57299219444394) +- (4.284567434569869, 4.284567434569869)
(16777216, 36.27625135704875) +- (5.145462883509364, 5.145462883509364)

3-4
(1, 9.19064125046134) +- (0.4790365584472306, 0.4790365584472306)
(4, 9.069573692977428) +- (0.4428737342447682, 0.4428737342447682)
(16, 10.32942496240139) +- (2.463314531422711, 2.463314531422711)
(64, 9.4458251260221) +- (0.2975844613990339, 0.2975844613990339)
(256, 12.88277879357338) +- (0.657629654573882, 0.657629654573882)
(1024, 33.107432909309864) +- (0.2961305484640627, 0.2961305484640627)
(4096, 137.03092830255628) +- (0.5170784052248024, 0.5170784052248024)
(16384, 549.7935546562076) +- (3.3068047271035694, 3.3068047271035694)
(65536, 2194.326037261635) +- (4.187016390677102, 4.187016390677102)
(262144, 8772.212939430028) +- (1.0227763116130362, 1.0227763116130362)
(1048576, 35087.93044965714) +- (4.350827144939225, 4.350827144939225)
(4194304, 70171.99348947033) +- (1.6265927297084368, 1.6265927297084368)
(16777216, 140341.48135222495) +- (3.743292233869942, 3.743292233869942)

4-5
(1, 3.3966642804443836) +- (0.2521439709349886, 0.2521439709349886)
(4, 3.8744275458157063) +- (0.42707635661931964, 0.42707635661931964)
(16, 4.229084216058254) +- (1.2304062851793705, 1.2304062851793705)
(64, 4.327668529003859) +- (0.6131922373686093, 0.6131922373686093)
(256, 3.878623992204666) +- (0.676645307516603, 0.676645307516603)
(1024, 4.8216912895441055) +- (0.4911530309203167, 0.4911530309203167)
(4096, 5.7951971888542175) +- (0.5495600600543766, 0.5495600600543766)
(16384, 6.747403834015131) +- (1.3386053363941555, 1.3386053363941555)
(65536, 4.706729669123888) +- (1.440903070155891, 1.440903070155891)
(262144, 6.568047218024731) +- (0.9574383211572699, 0.9574383211572699)
(1048576, 8.129436522722244) +- (2.0816409504590214, 2.0816409504590214)
(4194304, 13.139305356889963) +- (3.9795979854986876, 3.9795979854986876)
(16777216, 18.28855313360691) +- (7.678565323448647, 7.678565323448647)

