1-2
(1, 5.842637270689011) +- (0.9720538406310045, 0.9720538406310045)
(4, 9.343819227069616) +- (5.486373150130005, 5.486373150130005)
(16, 6.590541917830706) +- (0.2479505683340976, 0.2479505683340976)
(64, 7.022991310805082) +- (0.3780565725982115, 0.3780565725982115)
(256, 9.6799461171031) +- (0.7552952329175084, 0.7552952329175084)
(1024, 30.88467102497816) +- (0.6725175053530966, 0.6725175053530966)
(4096, 133.23624478653073) +- (0.7569751799573724, 0.7569751799573724)
(16384, 546.7933369800448) +- (0.8659135881013977, 0.8659135881013977)
(65536, 2189.369554631412) +- (0.4280802719690868, 0.4280802719690868)
(262144, 8767.451018560678) +- (0.9016692621623195, 0.9016692621623195)
(1048576, 35080.513085238636) +- (0.007228184519618326, 0.007228184519618326)
(4194304, 70179.03242446482) +- (17.756359276340344, 17.756359276340344)
(16777216, 140332.73983420804) +- (0.040914711736458366, 0.040914711736458366)
(67108864, 210502.08308314905) +- (0.36065124125222825, 0.36065124125222825)
(268435456, 280669.47378311306) +- (0.9186853937040849, 0.9186853937040849)
(1073741824, 350839.3459254876) +- (4.269088529982872, 4.269088529982872)
(4294967296, 333501.8199933693) +- (123747.21815915532, 123747.21815915532)

