1-2
(1, 6.310273893177509) +- (0.9286847335132945, 0.9286847335132945)
(4, 6.781838368624449) +- (0.4118320033236292, 0.4118320033236292)
(16, 6.564140785485506) +- (0.7393696510809623, 0.7393696510809623)
(64, 7.576610893011093) +- (0.4786393680249521, 0.4786393680249521)
(256, 10.590146761387587) +- (1.4752009425205335, 1.4752009425205335)
(1024, 31.19932906702161) +- (0.5175125917866641, 0.5175125917866641)
(4096, 137.6816090196371) +- (0.2263035518121976, 0.2263035518121976)
(16384, 730.8570262975991) +- (31.327444957862305, 31.327444957862305)
(65536, 2770.407567266375) +- (122.53148921211394, 122.53148921211394)
(262144, 11740.821241866797) +- (146.64249084039074, 146.64249084039074)
(1048576, 88774.0471768193) +- (13797.92033828459, 13797.92033828459)
(4194304, 111767.5594179891) +- (56706.4000981752, 56706.4000981752)
(16777216, 143337.59710146114) +- (27.756474192435853, 27.756474192435853)
(67108864, 214853.15094562247) +- (147.4609997606295, 147.4609997606295)
(268435456, 288090.57035902515) +- (44.51414281988631, 44.51414281988631)
(1073741824, 361198.2741691172) +- (193.66643239098525, 193.66643239098525)

