1-8
(1, 90.60839633457363) +- (23.11436652650651, 23.11436652650651)
(4, 87.57695369422436) +- (23.315799010108353, 23.315799010108353)
(16, 68.10859218239784) +- (14.743372279577176, 14.743372279577176)
(64, 66.47877092473209) +- (10.775406703902119, 10.775406703902119)
(256, 65.96248783171177) +- (3.137307196595274, 3.137307196595274)
(1024, 93.41091895475984) +- (16.685049867954273, 16.685049867954273)
(4096, 117.50301835127175) +- (17.1294279479024, 17.1294279479024)
(16384, 229.78904470801353) +- (25.692549948154724, 25.692549948154724)
(65536, 608.4483216982335) +- (22.301032081479455, 22.301032081479455)
(262144, 2168.043410172686) +- (96.10389005761006, 96.10389005761006)
(1048576, 8046.634028432891) +- (378.51903786689235, 378.51903786689235)
(4194304, 15965.391325298697) +- (488.13348193811214, 488.13348193811214)
(16777216, 34046.39856517315) +- (454.0696669641394, 454.0696669641394)
(67108864, 51690.12909079902) +- (723.7762528195525, 723.7762528195525)
(268435456, 68256.63569173776) +- (1483.3466675902716, 1483.3466675902716)

1-2
(1, 17.401822609826922) +- (2.0653234716398483, 2.0653234716398483)
(4, 13.95201962441206) +- (3.8319002960979653, 3.8319002960979653)
(16, 10.091808158904314) +- (1.0797913879654086, 1.0797913879654086)
(64, 10.766221676021814) +- (2.727403097750337, 2.727403097750337)
(256, 9.47844609618187) +- (1.6756745496871672, 1.6756745496871672)
(1024, 9.507746202871203) +- (3.0512073561432604, 3.0512073561432604)
(4096, 9.36271296814084) +- (2.206979418318402, 2.206979418318402)
(16384, 10.516706155613065) +- (3.9325016006818174, 3.9325016006818174)
(65536, 9.894542396068573) +- (0.6604413389987962, 0.6604413389987962)
(262144, 7.321163546293974) +- (3.0205407357334644, 3.0205407357334644)
(1048576, 8.8713807053864) +- (2.4006428120382797, 2.4006428120382797)
(4194304, 10.897506028413773) +- (3.9007289746583442, 3.9007289746583442)
(16777216, 9.898598538711667) +- (2.7771935749228085, 2.7771935749228085)
(67108864, 12.882451293990016) +- (7.750165518230156, 7.750165518230156)
(268435456, 21.902458742260933) +- (4.035560689036461, 4.035560689036461)

2-3
(1, 32.27952076122165) +- (18.78019145060888, 18.78019145060888)
(4, 32.169075217098) +- (17.381241559301866, 17.381241559301866)
(16, 22.439787397161126) +- (12.332398230001262, 12.332398230001262)
(64, 18.459070241078734) +- (3.3036439175593304, 3.3036439175593304)
(256, 23.203267017379403) +- (2.361206395462634, 2.361206395462634)
(1024, 46.15960153751075) +- (17.781235853819126, 17.781235853819126)
(4096, 74.18682449497283) +- (19.504420481631012, 19.504420481631012)
(16384, 181.16124928928912) +- (19.50567421149443, 19.50567421149443)
(65536, 554.9616122152656) +- (31.353030949203394, 31.353030949203394)
(262144, 2120.7060697488487) +- (97.82895012430683, 97.82895012430683)
(1048576, 7998.866298934445) +- (370.6938693061489, 370.6938693061489)
(4194304, 15914.338466711342) +- (485.4020865360953, 485.4020865360953)
(16777216, 33983.79342840053) +- (449.88485156711806, 449.88485156711806)
(67108864, 51627.13545211591) +- (713.9152065119818, 713.9152065119818)
(268435456, 68178.79548715428) +- (1476.640972501042, 1476.640972501042)

3-4
(1, 14.098428189754486) +- (5.419410546506664, 5.419410546506664)
(4, 11.555262375622988) +- (2.2724704768142114, 2.2724704768142114)
(16, 11.764772003516555) +- (2.7761696446342343, 2.7761696446342343)
(64, 9.899787837639451) +- (1.31012387290867, 1.31012387290867)
(256, 10.140952188521624) +- (2.1215111979100243, 2.1215111979100243)
(1024, 12.752607930451632) +- (2.7162023121157906, 2.7162023121157906)
(4096, 11.68966037221253) +- (3.2466009601028567, 3.2466009601028567)
(16384, 10.356788290664554) +- (2.040396408237904, 2.040396408237904)
(65536, 13.677896466106176) +- (3.274763679585505, 3.274763679585505)
(262144, 14.119172235950828) +- (2.047691709972595, 2.047691709972595)
(1048576, 14.032764360308647) +- (9.195066543075729, 9.195066543075729)
(4194304, 11.478546541184187) +- (2.9430375338521277, 2.9430375338521277)
(16777216, 11.841782834380865) +- (1.402991008814102, 1.402991008814102)
(67108864, 14.144461834803224) +- (6.117435378140376, 6.117435378140376)
(268435456, 19.238019827753305) +- (2.768442295349362, 2.768442295349362)

4-5
(1, 3.2433823216706514) +- (0.4472956947312624, 0.4472956947312624)
(4, 3.1660576350986958) +- (0.3665552318604778, 0.3665552318604778)
(16, 3.1887651421129704) +- (0.34654060339631104, 0.34654060339631104)
(64, 4.358941689133644) +- (2.5843761192208543, 2.5843761192208543)
(256, 3.2457911875098944) +- (0.40567444987902074, 0.40567444987902074)
(1024, 3.4440280869603157) +- (0.6106629464408153, 0.6106629464408153)
(4096, 3.063393523916602) +- (0.5683159766205579, 0.5683159766205579)
(16384, 3.249268513172865) +- (0.806569652406102, 0.806569652406102)
(65536, 4.22267965041101) +- (2.5258047503331045, 2.5258047503331045)
(262144, 2.9105222783982754) +- (0.2945052569821207, 0.2945052569821207)
(1048576, 4.140729317441583) +- (1.386064784654068, 1.386064784654068)
(4194304, 4.036573693156242) +- (1.7511834264772685, 1.7511834264772685)
(16777216, 5.052119493484497) +- (3.4471929401358987, 3.4471929401358987)
(67108864, 2.913687378168106) +- (0.1525935340243198, 0.1525935340243198)
(268435456, 5.219239741563797) +- (0.851527708437038, 0.851527708437038)

5-6
(1, 8.663967251777649) +- (0.7338048761502742, 0.7338048761502742)
(4, 11.182785267010331) +- (2.132015488701008, 2.132015488701008)
(16, 9.754329221323133) +- (1.1431355673702834, 1.1431355673702834)
(64, 8.985080057755113) +- (1.3701365379721617, 1.3701365379721617)
(256, 8.99324705824256) +- (1.05264520777431, 1.05264520777431)
(1024, 8.648432558402419) +- (0.6906482806138885, 0.6906482806138885)
(4096, 7.817542413249612) +- (0.18460279999956514, 0.18460279999956514)
(16384, 8.717309217900038) +- (0.6719778141846495, 0.6719778141846495)
(65536, 11.20875938795507) +- (1.9617033190140607, 1.9617033190140607)
(262144, 9.55155142582953) +- (0.7765264686076391, 0.7765264686076391)
(1048576, 8.554300060495734) +- (1.879219980712825, 1.879219980712825)
(4194304, 11.213543126359582) +- (3.80642389432268, 3.80642389432268)
(16777216, 13.189729303121567) +- (3.41608954713706, 3.41608954713706)
(67108864, 12.47559767216444) +- (4.108140704063418, 4.108140704063418)
(268435456, 15.030592679977417) +- (8.351999690203998, 8.351999690203998)

6-7
(1, 8.634089957922697) +- (0.8977293065635038, 0.8977293065635038)
(4, 11.412345105782151) +- (3.8069864408055203, 3.8069864408055203)
(16, 7.946541998535395) +- (0.7756152386681003, 0.7756152386681003)
(64, 9.033656679093838) +- (2.279976132434558, 2.279976132434558)
(256, 7.916787173599005) +- (0.5998355675892832, 0.5998355675892832)
(1024, 9.108466329053044) +- (1.4559835970052006, 1.4559835970052006)
(4096, 7.844379637390375) +- (0.9681603541817005, 0.9681603541817005)
(16384, 11.558560421690345) +- (8.860653530426763, 8.860653530426763)
(65536, 10.047276271507144) +- (1.071107366052939, 1.071107366052939)
(262144, 9.811259573325515) +- (2.9747828641470546, 2.9747828641470546)
(1048576, 8.385739522054791) +- (3.311862811808411, 3.311862811808411)
(4194304, 8.933450561016798) +- (2.6375801811207134, 2.6375801811207134)
(16777216, 15.222939196974039) +- (8.795341525693715, 8.795341525693715)
(67108864, 13.431167928501964) +- (7.6846086124258575, 7.6846086124258575)
(268435456, 7.398409070447087) +- (0.8853571091185862, 0.8853571091185862)

7-8
(1, 6.287185242399573) +- (6.171165684521908, 6.171165684521908)
(4, 4.139408469200134) +- (1.8352412598856118, 1.8352412598856118)
(16, 2.92258826084435) +- (0.4224885177098232, 0.4224885177098232)
(64, 4.976012744009495) +- (2.8280132921568972, 2.8280132921568972)
(256, 2.9839971102774143) +- (0.45935390413523064, 0.45935390413523064)
(1024, 3.7900363095104694) +- (0.42315249024585466, 0.42315249024585466)
(4096, 3.5385049413889647) +- (0.47635544314912087, 0.47635544314912087)
(16384, 4.229162819683552) +- (1.5650893117688, 1.5650893117688)
(65536, 4.435555310919881) +- (1.0270087002296366, 1.0270087002296366)
(262144, 3.6236713640391827) +- (0.8098273241570302, 0.8098273241570302)
(1048576, 3.782815532758832) +- (1.2632400148277698, 1.2632400148277698)
(4194304, 4.49323863722384) +- (0.1827631747061222, 0.1827631747061222)
(16777216, 7.399967405945063) +- (0.6546377619960179, 0.6546377619960179)
(67108864, 7.146272575482726) +- (1.993303611888902, 1.993303611888902)
(268435456, 9.051484521478415) +- (2.043306582522682, 2.043306582522682)

