1-7
(1, 52.82858642749488) +- (6.009316117270109, 6.009316117270109)
(4, 43.67051902227104) +- (5.627142468360547, 5.627142468360547)
(16, 49.46048092097044) +- (3.6488995509503965, 3.6488995509503965)
(64, 55.933260126039386) +- (2.8724603692239263, 2.8724603692239263)
(256, 61.90047529526055) +- (8.149754630595194, 8.149754630595194)
(1024, 98.06669969111681) +- (15.361066769258148, 15.361066769258148)
(4096, 224.09203206188977) +- (38.97166570767582, 38.97166570767582)
(16384, 702.9477634932846) +- (46.21852157234763, 46.21852157234763)
(65536, 2642.139975214377) +- (37.237244229314406, 37.237244229314406)
(262144, 10535.32085288316) +- (272.5156006044171, 272.5156006044171)
(1048576, 42106.93306080066) +- (506.09116981283285, 506.09116981283285)
(4194304, 86328.92755698413) +- (565.4210723583724, 565.4210723583724)
(16777216, 170447.18634383753) +- (726.9486154045018, 726.9486154045018)
(67108864, 253492.97679611482) +- (2515.926195203527, 2515.926195203527)

1-2
(1, 8.92083765938878) +- (2.165642968653018, 2.165642968653018)
(4, 7.396420929580927) +- (2.0352113868359614, 2.0352113868359614)
(16, 7.617285242304206) +- (1.6887785007775278, 1.6887785007775278)
(64, 8.328820578753948) +- (1.2269396109002186, 1.2269396109002186)
(256, 7.8107810113579035) +- (1.1391924132473836, 1.1391924132473836)
(1024, 8.598128100857139) +- (2.1949074367563517, 2.1949074367563517)
(4096, 8.545376127585769) +- (2.6652122639492744, 2.6652122639492744)
(16384, 8.023690665140748) +- (1.2789379139689347, 1.2789379139689347)
(65536, 8.706707740202546) +- (1.5153104853460762, 1.5153104853460762)
(262144, 8.826743112877011) +- (3.363269390144738, 3.363269390144738)
(1048576, 8.862164802849293) +- (2.4361298173987582, 2.4361298173987582)
(4194304, 8.260466856881976) +- (1.0790962960053685, 1.0790962960053685)
(16777216, 8.634352358058095) +- (1.6024668532236321, 1.6024668532236321)
(67108864, 8.854897459968925) +- (1.692939934930894, 1.692939934930894)

2-3
(1, 8.618575753644109) +- (1.048194930935926, 1.048194930935926)
(4, 6.587851792573929) +- (2.068104897148393, 2.068104897148393)
(16, 7.848655106499791) +- (1.9402368184239052, 1.9402368184239052)
(64, 8.180579403415322) +- (1.1326584426445478, 1.1326584426445478)
(256, 6.840915651991963) +- (1.0456357568438774, 1.0456357568438774)
(1024, 8.11576098203659) +- (2.2092244920238127, 2.2092244920238127)
(4096, 8.080981206148863) +- (3.575230802669995, 3.575230802669995)
(16384, 8.233710192143917) +- (1.6406067381826839, 1.6406067381826839)
(65536, 8.02865787409246) +- (1.5142292720723938, 1.5142292720723938)
(262144, 7.7562781516462564) +- (0.8179649806281221, 0.8179649806281221)
(1048576, 9.996309876441956) +- (3.9146988394187416, 3.9146988394187416)
(4194304, 7.598478579893708) +- (0.791084243912375, 0.791084243912375)
(16777216, 9.683083044365048) +- (2.4715049736129324, 2.4715049736129324)
(67108864, 16.76162937656045) +- (1.7292449756321024, 1.7292449756321024)

3-4
(1, 7.371028186753392) +- (1.3858451464214938, 1.3858451464214938)
(4, 6.5017882734537125) +- (1.3404705749681245, 1.3404705749681245)
(16, 6.815939210355282) +- (1.355971404311557, 1.355971404311557)
(64, 7.7207074500620365) +- (1.2799567777857155, 1.2799567777857155)
(256, 6.526321638375521) +- (0.7409344849923124, 0.7409344849923124)
(1024, 7.256683427840471) +- (2.022460722020227, 2.022460722020227)
(4096, 8.162894984707236) +- (2.227479097358701, 2.227479097358701)
(16384, 10.862022638320923) +- (2.8106465745979445, 2.8106465745979445)
(65536, 8.214777568355203) +- (1.2201330548366571, 1.2201330548366571)
(262144, 12.834426015615463) +- (6.50629614095124, 6.50629614095124)
(1048576, 8.749463129788637) +- (1.6201500865579375, 1.6201500865579375)
(4194304, 11.064581805840135) +- (4.5144815380626016, 4.5144815380626016)
(16777216, 12.384392553940415) +- (3.076160842474921, 3.076160842474921)
(67108864, 9.215690428391099) +- (2.016728327468124, 2.016728327468124)

4-5
(1, 11.469604913145304) +- (1.229462341224283, 1.229462341224283)
(4, 9.861524682492018) +- (1.494159138848208, 1.494159138848208)
(16, 11.124966433271766) +- (0.7723019220890993, 0.7723019220890993)
(64, 10.939403902739286) +- (1.2384085563429619, 1.2384085563429619)
(256, 11.9836728554219) +- (2.431637340206798, 2.431637340206798)
(1024, 11.957452865317464) +- (2.1993794217862366, 2.1993794217862366)
(4096, 18.767718225717545) +- (14.220082352371502, 14.220082352371502)
(16384, 11.157391127198935) +- (1.2845431460146144, 1.2845431460146144)
(65536, 11.437268927693367) +- (1.1829310177474377, 1.1829310177474377)
(262144, 11.463170638307929) +- (0.6565813929963515, 0.6565813929963515)
(1048576, 10.83104102872312) +- (1.2698139427508721, 1.2698139427508721)
(4194304, 14.04109364375472) +- (3.8974318933004675, 3.8974318933004675)
(16777216, 13.092770474031568) +- (1.8525321094664429, 1.8525321094664429)
(67108864, 12.804588535800576) +- (1.4129754033707767, 1.4129754033707767)

5-6
(1, 10.978359961882234) +- (1.3366255509345815, 1.3366255509345815)
(4, 10.23485348559916) +- (0.7852570645728266, 0.7852570645728266)
(16, 11.80404075421393) +- (0.19331695463330859, 0.19331695463330859)
(64, 14.885042095556855) +- (1.0259580804861475, 1.0259580804861475)
(256, 25.206965627148747) +- (4.290227421730135, 4.290227421730135)
(1024, 56.63638631813228) +- (14.13974206196953, 14.13974206196953)
(4096, 176.7708722036332) +- (20.29008587667651, 20.29008587667651)
(16384, 661.2512767314911) +- (47.920385608508106, 47.920385608508106)
(65536, 2601.9549302291125) +- (38.13892459506576, 38.13892459506576)
(262144, 10488.31551661715) +- (274.96262935121814, 274.96262935121814)
(1048576, 42057.96464905143) +- (509.5181543366403, 509.5181543366403)
(4194304, 86279.8422514461) +- (572.386218065893, 572.386218065893)
(16777216, 170388.60070588998) +- (719.4667479083287, 719.4667479083287)
(67108864, 253434.30470931344) +- (2513.49825999919, 2513.49825999919)

6-7
(1, 5.470179952681065) +- (3.7535038173874957, 3.7535038173874957)
(4, 3.088079858571291) +- (0.618973668002456, 0.618973668002456)
(16, 4.249594174325466) +- (2.112313664738278, 2.112313664738278)
(64, 5.878706695511937) +- (3.851712445470282, 3.851712445470282)
(256, 3.531818510964513) +- (0.739046500736078, 0.739046500736078)
(1024, 5.502287996932864) +- (4.647865323388802, 4.647865323388802)
(4096, 3.764189314097166) +- (0.41990125186565175, 0.41990125186565175)
(16384, 3.4196721389889717) +- (0.7405799546457305, 0.7405799546457305)
(65536, 3.7976328749209642) +- (0.4211648494676372, 0.4211648494676372)
(262144, 6.12471834756434) +- (4.044519759596149, 4.044519759596149)
(1048576, 10.529432911425829) +- (4.70558694082516, 4.70558694082516)
(4194304, 8.120684651657939) +- (0.3866468543046409, 0.3866468543046409)
(16777216, 14.79103951714933) +- (7.943155629482196, 7.943155629482196)
(67108864, 11.03528100065887) +- (2.8094142273120735, 2.8094142273120735)

