1-2
(1, 1.0122566018253565) +- (0.15704129048630502, 0.15704129048630502)
(4, 0.9981769835576415) +- (0.06534751216362053, 0.06534751216362053)
(16, 1.0406374000012875) +- (0.15093586159909128, 0.15093586159909128)
(64, 1.1448181932792068) +- (0.21858932132836317, 0.21858932132836317)
(256, 1.1832186952233315) +- (0.21933339877084024, 0.21933339877084024)
(1024, 1.3544777873903513) +- (0.05215180179208157, 0.05215180179208157)
(4096, 2.269464242272079) +- (0.06750131486750172, 0.06750131486750172)
(16384, 6.1170626897364855) +- (0.16017812345136836, 0.16017812345136836)
(65536, 33.74204314313829) +- (0.5353809038949872, 0.5353809038949872)
(262144, 162.71540329325944) +- (7.680066344027116, 7.680066344027116)
(1048576, 2428.235585009679) +- (768.3934053227298, 768.3934053227298)

