1-2
(1, 1.0707781184464693) +- (0.1442730831016491, 0.1442730831016491)
(4, 0.9981501614674926) +- (0.12045795956992077, 0.12045795956992077)
(16, 1.0728278197348118) +- (0.19518686116203113, 0.19518686116203113)
(64, 1.1280179023742676) +- (0.13880474027612028, 0.13880474027612028)
(256, 1.2850693194195628) +- (0.09367767377950355, 0.09367767377950355)
(1024, 2.0686763804405928) +- (0.25063687440964, 0.25063687440964)
(4096, 4.915114329196513) +- (0.14098573778863868, 0.14098573778863868)
(16384, 15.72242609690875) +- (0.20940677679632277, 0.20940677679632277)
(65536, 54.13014185614884) +- (0.26747722174620037, 0.26747722174620037)
(262144, 210.1584612391889) +- (0.5846722363006371, 0.5846722363006371)
(1048576, 11875.252946978435) +- (531.6361542619884, 531.6361542619884)

