1-5
(1, 0.0) +- (0.0, 0.0)
(4, 0.0) +- (0.0, 0.0)
(16, 0.0) +- (0.0, 0.0)
(64, 0.0) +- (0.0, 0.0)
(256, 0.0) +- (0.0, 0.0)
(1024, 0.0) +- (0.0, 0.0)
(4096, 0.0) +- (0.0, 0.0)
(16384, 0.0) +- (0.0, 0.0)
(65536, 0.0) +- (0.0, 0.0)
(262144, 0.0) +- (0.0, 0.0)
(1048576, 0.0) +- (0.0, 0.0)
(4194304, 0.0) +- (0.0, 0.0)
(16777216, 0.0) +- (0.0, 0.0)

1-2
(1, -0.13936342437000687) +- (0.03049791026417446, 0.03049791026417446)
(4, -0.16269592616477951) +- (0.01180526003753625, 0.01180526003753625)
(16, -0.146531321417683) +- (0.01628460482367894, 0.01628460482367894)
(64, -0.12867849000796358) +- (0.03967282604808422, 0.03967282604808422)
(256, -0.14534483982653867) +- (0.01098600248526607, 0.01098600248526607)
(1024, -0.13942969413029416) +- (0.008329013606773851, 0.008329013606773851)
(4096, -0.15109863032189708) +- (0.028000076182917107, 0.028000076182917107)
(16384, -0.15449663744866654) +- (0.011787000593760708, 0.011787000593760708)
(65536, -0.14789072373087814) +- (0.015578233987518673, 0.015578233987518673)
(262144, -0.14835101298930287) +- (0.02581604229505532, 0.02581604229505532)
(1048576, -0.14809696724036428) +- (0.020638296343635492, 0.020638296343635492)
(4194304, -0.14108990997217466) +- (0.009464115537962035, 0.009464115537962035)
(16777216, -0.13827532565989872) +- (0.02723407452938581, 0.02723407452938581)

2-3
(1, 0.0) +- (0.0, 0.0)
(4, 0.0) +- (0.0, 0.0)
(16, 0.0) +- (0.0, 0.0)
(64, 0.0) +- (0.0, 0.0)
(256, 0.0) +- (0.0, 0.0)
(1024, 0.0) +- (0.0, 0.0)
(4096, 0.0) +- (0.0, 0.0)
(16384, 0.0) +- (0.0, 0.0)
(65536, 0.0) +- (0.0, 0.0)
(262144, 0.0) +- (0.0, 0.0)
(1048576, 0.0) +- (0.0, 0.0)
(4194304, 0.0) +- (0.0, 0.0)
(16777216, 0.0) +- (0.0, 0.0)

3-4
(1, 0.0) +- (0.0, 0.0)
(4, 0.0) +- (0.0, 0.0)
(16, 0.0) +- (0.0, 0.0)
(64, 0.0) +- (0.0, 0.0)
(256, 0.0) +- (0.0, 0.0)
(1024, 0.0) +- (0.0, 0.0)
(4096, 0.0) +- (0.0, 0.0)
(16384, 0.0) +- (0.0, 0.0)
(65536, 0.0) +- (0.0, 0.0)
(262144, 0.0) +- (0.0, 0.0)
(1048576, 0.0) +- (0.0, 0.0)
(4194304, 0.0) +- (0.0, 0.0)
(16777216, 0.0) +- (0.0, 0.0)

4-5
(1, 0.34215805931376425) +- (0.09229518286260174, 0.09229518286260174)
(4, 0.2953665309037063) +- (0.031686030293532966, 0.031686030293532966)
(16, 0.3550241115456107) +- (0.03138042186403336, 0.03138042186403336)
(64, 0.2730855348809277) +- (0.03781524431673048, 0.03781524431673048)
(256, 0.34535251178835397) +- (0.047594199550216425, 0.047594199550216425)
(1024, 0.2522388206168916) +- (0.02119793250007143, 0.02119793250007143)
(4096, 0.22684590088322643) +- (0.02112722156866043, 0.02112722156866043)
(16384, 0.23256970731476348) +- (0.030028767336839134, 0.030028767336839134)
(65536, 0.2364029617300735) +- (0.028576007142198427, 0.028576007142198427)
(262144, 0.2094679123546578) +- (0.023267277210778044, 0.023267277210778044)
(1048576, 0.17447609499008174) +- (0.021863234308184286, 0.021863234308184286)
(4194304, 0.20065058712903644) +- (0.054335699339583356, 0.054335699339583356)
(16777216, 0.16022623266608993) +- (0.01896091310600975, 0.01896091310600975)

