1-4
(1, 0.0) +- (0.0, 0.0)
(4, 0.0) +- (0.0, 0.0)
(16, 0.0) +- (0.0, 0.0)
(64, 0.0) +- (0.0, 0.0)
(256, 0.0) +- (0.0, 0.0)
(1024, 0.0) +- (0.0, 0.0)
(4096, 0.0) +- (0.0, 0.0)
(16384, 0.0) +- (0.0, 0.0)
(65536, 0.0) +- (0.0, 0.0)
(262144, 0.0) +- (0.0, 0.0)
(1048576, 0.0) +- (0.0, 0.0)
(4194304, 0.0) +- (0.0, 0.0)

1-2
(1, -0.1586533915487334) +- (0.022266353221078745, 0.022266353221078745)
(4, -0.14992421905583472) +- (0.009674426009847388, 0.009674426009847388)
(16, -0.13841561669533886) +- (0.034842776982030706, 0.034842776982030706)
(64, -0.1475089851063911) +- (0.009788559625789162, 0.009788559625789162)
(256, -0.12978586569076928) +- (0.027092384040514447, 0.027092384040514447)
(1024, -0.13058757818287844) +- (0.028943484035393735, 0.028943484035393735)
(4096, -0.13228167734739424) +- (0.03168364126351691, 0.03168364126351691)
(16384, -0.1450564663031046) +- (0.021807703169028983, 0.021807703169028983)
(65536, -0.14760630419453322) +- (0.019987003819383935, 0.019987003819383935)
(262144, -0.12554643508790764) +- (0.031208563345965133, 0.031208563345965133)
(1048576, -0.14691614004445033) +- (0.007374750935626553, 0.007374750935626553)
(4194304, -0.13835159277778525) +- (0.012497762173752772, 0.012497762173752772)

2-3
(1, 0.0) +- (0.0, 0.0)
(4, 0.0) +- (0.0, 0.0)
(16, 0.0) +- (0.0, 0.0)
(64, 0.0) +- (0.0, 0.0)
(256, 0.0) +- (0.0, 0.0)
(1024, 0.0) +- (0.0, 0.0)
(4096, 0.0) +- (0.0, 0.0)
(16384, 0.0) +- (0.0, 0.0)
(65536, 0.0) +- (0.0, 0.0)
(262144, 0.0) +- (0.0, 0.0)
(1048576, 0.0) +- (0.0, 0.0)
(4194304, 0.0) +- (0.0, 0.0)

3-4
(1, 0.3335521561765909) +- (0.025914237346167112, 0.025914237346167112)
(4, 0.30200986165279176) +- (0.03674083746155685, 0.03674083746155685)
(16, 0.32023275266913764) +- (0.020542304907567067, 0.020542304907567067)
(64, 0.32017260004513365) +- (0.03807345428975183, 0.03807345428975183)
(256, 0.3427683101011012) +- (0.039534214351153035, 0.039534214351153035)
(1024, 0.31947100807313356) +- (0.06426695860652477, 0.06426695860652477)
(4096, 0.29516498321399676) +- (0.018156515060071116, 0.018156515060071116)
(16384, 0.24551044305372022) +- (0.007855887455576981, 0.007855887455576981)
(65536, 0.28598404619006657) +- (0.02191681649684679, 0.02191681649684679)
(262144, 0.30088981746526283) +- (0.06963893989078876, 0.06963893989078876)
(1048576, 0.239387380397224) +- (0.04370463965714145, 0.04370463965714145)
(4194304, 0.17931260118664039) +- (0.05261777572483813, 0.05261777572483813)

