1-5
(1, 63.20020938292145) +- (9.490154972511107, 9.490154972511107)
(4, 61.372536327689886) +- (4.114714806305967, 4.114714806305967)
(16, 57.1551900357008) +- (2.493613891097885, 2.493613891097885)
(64, 66.0156742669642) +- (6.592806271467023, 6.592806271467023)
(256, 61.40004899352789) +- (3.5784698708230893, 3.5784698708230893)
(1024, 86.40645137056708) +- (2.7021811531666176, 2.7021811531666176)
(4096, 191.61644503474236) +- (1.9969003647019872, 1.9969003647019872)
(16384, 601.0704975575209) +- (6.083121247895489, 6.083121247895489)
(65536, 2245.2943347394466) +- (4.319014148777411, 4.319014148777411)
(262144, 8823.632159177214) +- (1.7517803956175806, 1.7517803956175806)
(1048576, 35142.141318228096) +- (2.9982764870929555, 2.9982764870929555)
(4194304, 70232.53481425345) +- (10.24845878697758, 10.24845878697758)
(16777216, 140400.05682446063) +- (6.78675142926688, 6.78675142926688)

1-2
(1, 7.397949602454901) +- (2.239124500187624, 2.239124500187624)
(4, 6.026301719248295) +- (0.4124975353215099, 0.4124975353215099)
(16, 6.729767378419638) +- (0.7358107155405259, 0.7358107155405259)
(64, 8.284219168126583) +- (2.843034979530368, 2.843034979530368)
(256, 6.752287037670612) +- (0.5523705186861777, 0.5523705186861777)
(1024, 7.023138459771872) +- (0.4011887931089398, 0.4011887931089398)
(4096, 6.6483900882303715) +- (1.2755613838479227, 1.2755613838479227)
(16384, 6.350344140082598) +- (0.4823000852631315, 0.4823000852631315)
(65536, 6.6595302894711494) +- (0.6704765857841606, 0.6704765857841606)
(262144, 6.795597169548273) +- (1.5302910762327875, 1.5302910762327875)
(1048576, 6.682797893881798) +- (0.7971369558477605, 0.7971369558477605)
(4194304, 6.948135420680046) +- (0.4957365692034502, 0.4957365692034502)
(16777216, 7.280267868191004) +- (1.4053533160366998, 1.4053533160366998)

2-3
(1, 39.047716185450554) +- (4.794206343535005, 4.794206343535005)
(4, 39.64207163080573) +- (3.204904278277647, 3.204904278277647)
(16, 35.8025467954576) +- (2.372056204946524, 2.372056204946524)
(64, 41.02619532495737) +- (5.177997011570153, 5.177997011570153)
(256, 38.0364540964365) +- (2.912125964891659, 2.912125964891659)
(1024, 38.86841023340821) +- (1.3773631111891467, 1.3773631111891467)
(4096, 40.8992369659245) +- (1.7406320660997034, 1.7406320660997034)
(16384, 38.06052301079035) +- (4.076111007225089, 4.076111007225089)
(65536, 38.64063639193773) +- (3.1474861445507267, 3.1474861445507267)
(262144, 38.98451020941138) +- (2.448719572848097, 2.448719572848097)
(1048576, 42.011226899921894) +- (4.414692302768092, 4.414692302768092)
(4194304, 48.217892460525036) +- (9.31849907917778, 9.31849907917778)
(16777216, 41.83728201314807) +- (2.2700565303560345, 2.2700565303560345)

3-4
(1, 13.711628317832947) +- (2.905679994246189, 2.905679994246189)
(4, 12.36516647040844) +- (1.26803494110665, 1.26803494110665)
(16, 11.852569784969091) +- (1.1784054795432715, 1.1784054795432715)
(64, 13.075753394514322) +- (1.6670530414060083, 1.6670530414060083)
(256, 13.74151911586523) +- (0.48301088377621554, 0.48301088377621554)
(1024, 36.621338687837124) +- (1.7152768288769222, 1.7152768288769222)
(4096, 139.7338144481182) +- (0.7433522332704767, 0.7433522332704767)
(16384, 552.4053365923464) +- (2.1098731428706805, 2.1098731428706805)
(65536, 2195.8163539879024) +- (1.5461037491933438, 1.5461037491933438)
(262144, 8773.141561914235) +- (0.36356243225332724, 0.36356243225332724)
(1048576, 35087.7794877626) +- (2.430157039273743, 2.430157039273743)
(4194304, 70172.23914815113) +- (2.345564362946641, 2.345564362946641)
(16777216, 140344.78074461222) +- (5.429513904593589, 5.429513904593589)

4-5
(1, 3.042915277183056) +- (0.8980219724305806, 0.8980219724305806)
(4, 3.338996507227421) +- (0.3826445414963417, 0.3826445414963417)
(16, 2.7703060768544674) +- (0.27738895147222986, 0.27738895147222986)
(64, 3.629506379365921) +- (0.48604108849440464, 0.48604108849440464)
(256, 2.869788743555546) +- (0.38250280011824117, 0.38250280011824117)
(1024, 3.8935639895498753) +- (0.327561980687979, 0.327561980687979)
(4096, 4.335003532469273) +- (0.4037992317792528, 0.4037992317792528)
(16384, 4.254293814301491) +- (0.5359783965108221, 0.5359783965108221)
(65536, 4.177814070135355) +- (0.48549087757752113, 0.48549087757752113)
(262144, 4.710489884018898) +- (0.5454683723489583, 0.5454683723489583)
(1048576, 5.6678056716918945) +- (0.7113295089550677, 0.7113295089550677)
(4194304, 5.129638221114874) +- (1.2354343469495366, 1.2354343469495366)
(16777216, 6.158529967069626) +- (0.6749740589954076, 0.6749740589954076)

