1-4
(1, 45.20097142085433) +- (5.574086330470375, 5.574086330470375)
(4, 54.53352006152272) +- (2.4658891319490337, 2.4658891319490337)
(16, 51.910633128136396) +- (4.153328955839289, 4.153328955839289)
(64, 51.02972015738487) +- (2.989758521101328, 2.989758521101328)
(256, 63.33338022232056) +- (19.31239966470374, 19.31239966470374)
(1024, 75.84332758560777) +- (2.125313708251843, 2.125313708251843)
(4096, 181.8471858277917) +- (2.591079338264336, 2.591079338264336)
(16384, 594.6090378798544) +- (7.250337654730834, 7.250337654730834)
(65536, 2231.487789656967) +- (6.8748129743091955, 6.8748129743091955)
(262144, 8815.055410191417) +- (4.714063222932375, 4.714063222932375)
(1048576, 35130.21433763206) +- (4.009252114156791, 4.009252114156791)
(4194304, 70231.76979245618) +- (13.011869582459491, 13.011869582459491)

1-2
(1, 6.2401725910604) +- (0.7573661617665464, 0.7573661617665464)
(4, 6.535171065479517) +- (0.4162481140501604, 0.4162481140501604)
(16, 7.384402025490999) +- (1.6633084888751986, 1.6633084888751986)
(64, 6.643352657556534) +- (0.4336468830936038, 0.4336468830936038)
(256, 7.824200671166182) +- (1.8059233940751753, 1.8059233940751753)
(1024, 7.76286656036973) +- (1.6091192433195285, 1.6091192433195285)
(4096, 7.878092397004367) +- (2.6098307213822993, 2.6098307213822993)
(16384, 6.868068594485521) +- (1.141584482791988, 1.141584482791988)
(65536, 6.726269889622927) +- (1.0248641619395813, 1.0248641619395813)
(262144, 8.386148978024721) +- (3.065429797783022, 3.065429797783022)
(1048576, 6.659818161278963) +- (0.3174833538562372, 0.3174833538562372)
(4194304, 7.108021713793278) +- (0.685943677843152, 0.685943677843152)

2-3
(1, 36.01940302178264) +- (5.397518363389244, 5.397518363389244)
(4, 44.72644217312336) +- (2.543439251969199, 2.543439251969199)
(16, 41.46727230399847) +- (3.131203705618758, 3.131203705618758)
(64, 41.299405600875616) +- (2.9874114511413166, 2.9874114511413166)
(256, 52.63037234544754) +- (19.601838916312097, 19.601838916312097)
(1024, 64.89363284781575) +- (2.380117830900639, 2.380117830900639)
(4096, 170.65083654597402) +- (1.5904121841397647, 1.5904121841397647)
(16384, 583.7599301710725) +- (7.817997209691863, 7.817997209691863)
(65536, 2221.32975384593) +- (6.904008487456845, 6.904008487456845)
(262144, 8803.264481946826) +- (4.278716441974476, 4.278716441974476)
(1048576, 35119.342091400176) +- (3.9124159313620144, 3.9124159313620144)
(4194304, 70218.56732396409) +- (11.51189449558316, 11.51189449558316)

3-4
(1, 2.9413958080112934) +- (0.2195556128177868, 0.2195556128177868)
(4, 3.2719068229198456) +- (0.3960038483644659, 0.3960038483644659)
(16, 3.058958798646927) +- (0.18364398309048902, 0.18364398309048902)
(64, 3.0869618989527225) +- (0.38915531049214563, 0.38915531049214563)
(256, 2.878807205706835) +- (0.3230734250322075, 0.3230734250322075)
(1024, 3.186828177422285) +- (0.8163249680156606, 0.8163249680156606)
(4096, 3.3182568848133087) +- (0.19778298404206887, 0.19778298404206887)
(16384, 3.9810391142964363) +- (0.13117141076210007, 0.13117141076210007)
(65536, 3.4317659214138985) +- (0.27832866663314393, 0.27832866663314393)
(262144, 3.404779266566038) +- (0.8666999608806636, 0.8666999608806636)
(1048576, 4.212428070604801) +- (0.9203366432473741, 0.9203366432473741)
(4194304, 6.094446778297424) +- (2.7882524408708584, 2.7882524408708584)

