1-8
(1, 77.13841712102294) +- (22.312223632873494, 22.312223632873494)
(4, 89.13999367505312) +- (20.62206246830298, 20.62206246830298)
(16, 83.27145641669631) +- (26.025771025322296, 26.025771025322296)
(64, 97.67234064638615) +- (28.749119593938932, 28.749119593938932)
(256, 112.68569882959127) +- (25.699952072097847, 25.699952072097847)
(1024, 102.36326055601239) +- (21.20634190207629, 21.20634190207629)
(4096, 136.59755429252982) +- (27.56573409634238, 27.56573409634238)
(16384, 197.7646310813725) +- (18.046564038158188, 18.046564038158188)
(65536, 545.599798951298) +- (38.46488621303092, 38.46488621303092)
(262144, 1868.4914205223322) +- (75.85437785856512, 75.85437785856512)
(1048576, 6681.911205872893) +- (352.16371751143447, 352.16371751143447)
(4194304, 13744.106657337397) +- (282.65584278164494, 282.65584278164494)
(16777216, 27811.358053423464) +- (459.2754216754614, 459.2754216754614)
(67108864, 43256.857313774526) +- (827.9190536206066, 827.9190536206066)
(268435456, 69511.21432688087) +- (1245.6039952237409, 1245.6039952237409)

1-2
(1, 8.176965080201626) +- (2.065524954720042, 2.065524954720042)
(4, 10.049913451075554) +- (2.7202414357178006, 2.7202414357178006)
(16, 10.933988820761442) +- (1.7151656660181684, 1.7151656660181684)
(64, 9.004152566194534) +- (1.2104390313737845, 1.2104390313737845)
(256, 10.530714131891727) +- (2.3707752246349307, 2.3707752246349307)
(1024, 8.129410911351442) +- (0.4703404735021351, 0.4703404735021351)
(4096, 10.545030143111944) +- (2.452798292999185, 2.452798292999185)
(16384, 9.674965031445026) +- (1.8578161974834604, 1.8578161974834604)
(65536, 8.504183497279882) +- (0.6532068588841138, 0.6532068588841138)
(262144, 8.107854053378105) +- (2.2287496015716233, 2.2287496015716233)
(1048576, 10.212696995586157) +- (1.080092628243427, 1.080092628243427)
(4194304, 15.883516054600477) +- (9.272684468992292, 9.272684468992292)
(16777216, 15.426995046436787) +- (3.5598061903666856, 3.5598061903666856)
(67108864, 14.725953340530396) +- (1.1770253726773119, 1.1770253726773119)
(268435456, 19.616792909801006) +- (5.458110975638759, 5.458110975638759)

2-3
(1, 16.292437445372343) +- (3.277748275603894, 3.277748275603894)
(4, 34.57721211016178) +- (15.183007644673674, 15.183007644673674)
(16, 23.66464389488101) +- (12.933069142090403, 12.933069142090403)
(64, 38.47037125378847) +- (25.173802046261255, 25.173802046261255)
(256, 55.458467081189156) +- (21.586480040463687, 21.586480040463687)
(1024, 52.27162437513471) +- (14.724818640882418, 14.724818640882418)
(4096, 89.22820203006268) +- (24.25402685172984, 24.25402685172984)
(16384, 153.2062583602965) +- (14.2457400903879, 14.2457400903879)
(65536, 495.6293153576553) +- (37.321750245859576, 37.321750245859576)
(262144, 1811.8075161240995) +- (71.45587900220445, 71.45587900220445)
(1048576, 6631.533526815474) +- (358.2896615879136, 358.2896615879136)
(4194304, 13684.887570049614) +- (282.56239654603434, 282.56239654603434)
(16777216, 27750.185139570385) +- (459.27937050266024, 459.27937050266024)
(67108864, 43189.9118617177) +- (827.459975298684, 827.459975298684)
(268435456, 69438.76267820597) +- (1244.8711741422144, 1244.8711741422144)

3-4
(1, 10.280761681497097) +- (0.9506744566968907, 0.9506744566968907)
(4, 14.627037476748228) +- (3.388322968948686, 3.388322968948686)
(16, 13.598060049116611) +- (4.226746889691298, 4.226746889691298)
(64, 16.056582517921925) +- (5.979257012163616, 5.979257012163616)
(256, 16.73879837617278) +- (4.759040370266942, 4.759040370266942)
(1024, 14.468158408999443) +- (5.044838908242825, 5.044838908242825)
(4096, 12.343697529286146) +- (4.109659700775649, 4.109659700775649)
(16384, 11.077685561031103) +- (3.399084227895394, 3.399084227895394)
(65536, 15.966872125864027) +- (1.8911816845775307, 1.8911816845775307)
(262144, 16.860990040004253) +- (2.9317818161089515, 2.9317818161089515)
(1048576, 11.404751613736153) +- (2.783671601234683, 2.783671601234683)
(4194304, 14.75931080058217) +- (2.5385312487667786, 2.5385312487667786)
(16777216, 16.949012596160173) +- (5.813104214477897, 5.813104214477897)
(67108864, 16.224580723792315) +- (6.338022016827059, 6.338022016827059)
(268435456, 14.803672581911087) +- (4.0218109262663555, 4.0218109262663555)

4-5
(1, 3.332435805350542) +- (0.5629281104848444, 0.5629281104848444)
(4, 4.463158641010523) +- (1.0022629201790267, 1.0022629201790267)
(16, 4.584755375981331) +- (2.348730058229737, 2.348730058229737)
(64, 4.287227522581816) +- (2.2696658309456685, 2.2696658309456685)
(256, 3.8607005029916763) +- (0.5547064421813683, 0.5547064421813683)
(1024, 3.2248021103441715) +- (0.6881502522174676, 0.6881502522174676)
(4096, 2.887194324284792) +- (0.22951153044975758, 0.22951153044975758)
(16384, 2.965016756206751) +- (0.36550956171619775, 0.36550956171619775)
(65536, 3.294206317514181) +- (0.38890259330861493, 0.38890259330861493)
(262144, 4.256891552358866) +- (1.3212826498182713, 1.3212826498182713)
(1048576, 3.7948109209537506) +- (1.9529716257415148, 1.9529716257415148)
(4194304, 3.522656671702862) +- (0.8873064534272469, 0.8873064534272469)
(16777216, 4.172143246978521) +- (2.7635484379399005, 2.7635484379399005)
(67108864, 4.392628185451031) +- (2.2038455413065057, 2.2038455413065057)
(268435456, 3.8186395540833473) +- (0.9891592823998127, 0.9891592823998127)

5-6
(1, 16.40693275257945) +- (14.950987049617018, 14.950987049617018)
(4, 10.481288842856884) +- (1.7760765737608104, 1.7760765737608104)
(16, 14.406579080969095) +- (8.613867347974455, 8.613867347974455)
(64, 11.132880114018917) +- (2.307985766126492, 2.307985766126492)
(256, 10.695546306669712) +- (0.9291973598897174, 0.9291973598897174)
(1024, 10.0013661198318) +- (2.953338706815668, 2.953338706815668)
(4096, 8.926811069250107) +- (1.2743713482817813, 1.2743713482817813)
(16384, 8.546576090157032) +- (0.9828120607921402, 0.9828120607921402)
(65536, 9.424210619181395) +- (0.78274458536487, 0.78274458536487)
(262144, 9.012531768530607) +- (0.7253548895796438, 0.7253548895796438)
(1048576, 9.172016382217407) +- (1.3537434331849967, 1.3537434331849967)
(4194304, 9.895550832152367) +- (2.993602240839522, 2.993602240839522)
(16777216, 10.08092937991023) +- (2.3252304463169224, 2.3252304463169224)
(67108864, 8.964477200061083) +- (1.3091158152409612, 1.3091158152409612)
(268435456, 13.756703212857246) +- (2.5807399140094036, 2.5807399140094036)

6-7
(1, 16.26893011853099) +- (11.78270050581018, 11.78270050581018)
(4, 9.632349386811256) +- (1.2084263057472153, 1.2084263057472153)
(16, 12.172416131943464) +- (3.294659125897667, 3.294659125897667)
(64, 14.345713052898645) +- (2.89519034585051, 2.89519034585051)
(256, 11.185523308813572) +- (2.2025668176472886, 2.2025668176472886)
(1024, 10.240911785513163) +- (2.4365466596594296, 2.4365466596594296)
(4096, 8.77414271235466) +- (0.9974872270042323, 0.9974872270042323)
(16384, 8.14188439399004) +- (2.29876707561224, 2.29876707561224)
(65536, 9.126944467425346) +- (1.508122091912541, 1.508122091912541)
(262144, 11.807085108011961) +- (4.366804510915634, 4.366804510915634)
(1048576, 9.284396190196276) +- (3.0031005252229113, 3.0031005252229113)
(4194304, 8.97712204605341) +- (1.2071537632255718, 1.2071537632255718)
(16777216, 8.713027276098728) +- (1.3220946785186938, 1.3220946785186938)
(67108864, 8.693116158246994) +- (2.169238157316887, 2.169238157316887)
(268435456, 9.780127927660942) +- (2.7972308545904956, 2.7972308545904956)

7-8
(1, 6.379954237490892) +- (5.057784742970421, 5.057784742970421)
(4, 5.309033766388893) +- (4.062118674580237, 4.062118674580237)
(16, 3.911013063043356) +- (1.4481727460802645, 1.4481727460802645)
(64, 4.375413618981838) +- (0.5926659086113144, 0.5926659086113144)
(256, 4.21594912186265) +- (0.5394371250366446, 0.5394371250366446)
(1024, 4.026986844837666) +- (0.5721003391950953, 0.5721003391950953)
(4096, 3.8924764841794968) +- (1.461867052793601, 1.461867052793601)
(16384, 4.152244888246059) +- (1.959581731589507, 1.959581731589507)
(65536, 3.654066566377878) +- (0.9002605084929054, 0.9002605084929054)
(262144, 6.638551875948906) +- (4.801781657612154, 4.801781657612154)
(1048576, 6.509006954729557) +- (4.786694025768017, 4.786694025768017)
(4194304, 6.180930882692337) +- (2.615673210039512, 2.615673210039512)
(16777216, 5.83080630749464) +- (1.341732497807514, 1.341732497807514)
(67108864, 13.944696448743343) +- (5.455655128763507, 5.455655128763507)
(268435456, 10.675712488591671) +- (3.1677353887463293, 3.1677353887463293)

