1-7
(1, 48.796714190393686) +- (2.3101088661732967, 2.3101088661732967)
(4, 46.26942267641425) +- (2.685261741411335, 2.685261741411335)
(16, 50.81574721261859) +- (3.4498482117090328, 3.4498482117090328)
(64, 53.87822603806853) +- (5.906372413031741, 5.906372413031741)
(256, 56.16724947467446) +- (4.6288140644156, 4.6288140644156)
(1024, 86.67347515001893) +- (7.0965046280480975, 7.0965046280480975)
(4096, 199.65639747679234) +- (5.129997204743847, 5.129997204743847)
(16384, 655.4490089416504) +- (36.844047539455175, 36.844047539455175)
(65536, 2429.3902969919145) +- (45.96329333406293, 45.96329333406293)
(262144, 9884.619225468487) +- (222.97633733139887, 222.97633733139887)
(1048576, 39444.59697883576) +- (320.1029569684051, 320.1029569684051)
(4194304, 79247.96646209434) +- (542.296107544403, 542.296107544403)
(16777216, 157672.63507163152) +- (372.27416779434344, 372.27416779434344)
(67108864, 237231.24165795743) +- (661.8922973382381, 661.8922973382381)
(268435456, 319982.31462202966) +- (1142.1357633925434, 1142.1357633925434)

1-2
(1, 6.803026236593723) +- (0.373208132340959, 0.373208132340959)
(4, 7.225166633725166) +- (0.2704457432001312, 0.2704457432001312)
(16, 7.2886500507593155) +- (1.0203052204400642, 1.0203052204400642)
(64, 6.695364601910114) +- (0.331981933965224, 0.331981933965224)
(256, 6.561258900910616) +- (0.4265735746553479, 0.4265735746553479)
(1024, 7.327260822057724) +- (2.252722500888534, 2.252722500888534)
(4096, 6.891018711030483) +- (0.3263479766941276, 0.3263479766941276)
(16384, 6.029515899717808) +- (0.8223210210909684, 0.8223210210909684)
(65536, 7.47405095025897) +- (0.955397479334388, 0.955397479334388)
(262144, 6.218439061194658) +- (0.8089551770056519, 0.8089551770056519)
(1048576, 7.37813962623477) +- (0.2990163710101655, 0.2990163710101655)
(4194304, 6.965230870991945) +- (0.7363980714361773, 0.7363980714361773)
(16777216, 7.102566491812468) +- (0.21460395597041468, 0.21460395597041468)
(67108864, 7.151914294809103) +- (0.5874650490151057, 0.5874650490151057)
(268435456, 7.008023373782635) +- (0.6958612175708604, 0.6958612175708604)

2-3
(1, 6.878956127911806) +- (0.46945590695068845, 0.46945590695068845)
(4, 6.361180916428566) +- (0.8079583564021221, 0.8079583564021221)
(16, 8.23470065370202) +- (1.0483487518230212, 1.0483487518230212)
(64, 7.124692387878895) +- (0.7867799645515303, 0.7867799645515303)
(256, 6.341645028442144) +- (0.3638266574062618, 0.3638266574062618)
(1024, 6.946850568056107) +- (1.6324741956657718, 1.6324741956657718)
(4096, 7.021746505051851) +- (0.7910378646530432, 0.7910378646530432)
(16384, 6.999289244413376) +- (0.8774984676699699, 0.8774984676699699)
(65536, 7.84477349370718) +- (1.2682486849875492, 1.2682486849875492)
(262144, 6.597986631095409) +- (1.1293741557888293, 1.1293741557888293)
(1048576, 7.090984657406807) +- (1.1128006791955045, 1.1128006791955045)
(4194304, 9.263527300208807) +- (2.9371098584220023, 2.9371098584220023)
(16777216, 9.54913105815649) +- (1.2775000704189152, 1.2775000704189152)
(67108864, 8.287087082862854) +- (0.8312391393285323, 0.8312391393285323)
(268435456, 7.822265848517418) +- (0.9721921714980355, 0.9721921714980355)

3-4
(1, 7.599717099219561) +- (0.7437639482614935, 0.7437639482614935)
(4, 7.1189336478710175) +- (0.6022770411496707, 0.6022770411496707)
(16, 7.47809587046504) +- (0.7241513990218205, 0.7241513990218205)
(64, 8.032851293683052) +- (2.0010356805986027, 2.0010356805986027)
(256, 7.719259615987539) +- (1.0859419183495878, 1.0859419183495878)
(1024, 7.911516074091195) +- (1.3061038340743876, 1.3061038340743876)
(4096, 7.700968720018864) +- (0.8485326789970421, 0.8485326789970421)
(16384, 8.425278402864933) +- (0.6324091449716345, 0.6324091449716345)
(65536, 9.953890927135944) +- (1.777325685860271, 1.777325685860271)
(262144, 8.848075289279222) +- (1.572575915487599, 1.572575915487599)
(1048576, 8.55515617877245) +- (1.9307849429523263, 1.9307849429523263)
(4194304, 11.034018732607365) +- (1.2935275732135123, 1.2935275732135123)
(16777216, 13.415107317268848) +- (6.386726062046923, 6.386726062046923)
(67108864, 10.05428060889244) +- (0.841045128304966, 0.841045128304966)
(268435456, 10.954313538968563) +- (2.3771741200120267, 2.3771741200120267)

4-5
(1, 11.981043871492147) +- (1.0271252098538575, 1.0271252098538575)
(4, 10.954059287905693) +- (1.093354045925008, 1.093354045925008)
(16, 11.623894516378641) +- (1.6112982434511725, 1.6112982434511725)
(64, 11.680418532341719) +- (1.2396800711531115, 1.2396800711531115)
(256, 11.489916499704123) +- (1.5470241238297515, 1.5470241238297515)
(1024, 11.951372679322958) +- (1.6716366940335405, 1.6716366940335405)
(4096, 12.122981809079647) +- (1.1843905526171823, 1.1843905526171823)
(16384, 10.807499848306179) +- (0.18569539199958005, 0.18569539199958005)
(65536, 10.841623973101377) +- (0.5461931027230132, 0.5461931027230132)
(262144, 11.215189658105373) +- (1.4705754696273383, 1.4705754696273383)
(1048576, 12.07529017701745) +- (1.5320980694293236, 1.5320980694293236)
(4194304, 11.944555584341288) +- (0.722051415357775, 0.722051415357775)
(16777216, 13.177856616675854) +- (0.801212450556171, 0.801212450556171)
(67108864, 12.515736185014248) +- (2.0853749773164103, 2.0853749773164103)
(268435456, 13.203788548707962) +- (1.521631136846383, 1.521631136846383)

5-6
(1, 12.13236041367054) +- (1.8615588499566735, 1.8615588499566735)
(4, 11.435988917946815) +- (1.5734729789970325, 1.5734729789970325)
(16, 12.89701759815216) +- (0.8756969055046214, 0.8756969055046214)
(64, 16.87981029972434) +- (4.239877946094908, 4.239877946094908)
(256, 20.341881178319454) +- (2.9129438263210234, 2.9129438263210234)
(1024, 49.38138434663415) +- (1.2547404895269716, 1.2547404895269716)
(4096, 161.21181258931756) +- (6.801220388221763, 6.801220388221763)
(16384, 620.2060494571924) +- (36.77297300185288, 36.77297300185288)
(65536, 2390.178221836686) +- (43.186898217904485, 43.186898217904485)
(262144, 9847.079249471426) +- (224.63060559625063, 224.63060559625063)
(1048576, 39403.90770388767) +- (319.90037366822264, 319.90037366822264)
(4194304, 79202.00226157904) +- (542.9817765949349, 542.9817765949349)
(16777216, 157620.77658334747) +- (373.57991308611696, 373.57991308611696)
(67108864, 237187.25983854383) +- (660.8879304970881, 660.8879304970881)
(268435456, 319938.2780507207) +- (1144.4602740561052, 1144.4602740561052)

6-7
(1, 3.401610441505909) +- (0.405767430196997, 0.405767430196997)
(4, 3.174093272536993) +- (0.4470340395691591, 0.4470340395691591)
(16, 3.2933885231614113) +- (0.3698071409166883, 0.3698071409166883)
(64, 3.4650889225304127) +- (0.3973513820798667, 0.3973513820798667)
(256, 3.713288251310587) +- (0.6711018371769197, 0.6711018371769197)
(1024, 3.1550906598567963) +- (0.4108224784244529, 0.4108224784244529)
(4096, 4.70786914229393) +- (3.17415080866732, 3.17415080866732)
(16384, 2.981376089155674) +- (0.3402371462689939, 0.3402371462689939)
(65536, 3.0977358110249043) +- (0.38563262579623836, 0.38563262579623836)
(262144, 4.660285357385874) +- (3.387424306712281, 3.387424306712281)
(1048576, 5.589704308658838) +- (3.4002350910548857, 3.4002350910548857)
(4194304, 6.756868027150631) +- (3.8390613345414777, 3.8390613345414777)
(16777216, 8.613826800137758) +- (3.419199355499074, 3.419199355499074)
(67108864, 5.972801242023706) +- (0.7285265323830976, 0.7285265323830976)
(268435456, 5.048179998993874) +- (0.9542186524240142, 0.9542186524240142)

