1-2
(1, 4.553401318844408) +- (0.8782743228112486, 0.8782743228112486)
(4, 6.2358794384635985) +- (5.438027099018171, 5.438027099018171)
(16, 4.821500391699374) +- (0.281912893010124, 0.281912893010124)
(64, 6.152208661660552) +- (1.7624367010681918, 1.7624367010681918)
(256, 8.02670867415145) +- (2.0192464221272313, 2.0192464221272313)
(1024, 28.879808844067156) +- (0.7981758317756836, 0.7981758317756836)
(4096, 132.17612024163827) +- (0.6800426508398644, 0.6800426508398644)
(16384, 544.5604746928439) +- (2.0150675624656462, 2.0150675624656462)
(65536, 2187.276350974571) +- (0.22437733787399247, 0.22437733787399247)
(262144, 8768.89641827438) +- (9.213293594241197, 9.213293594241197)
(1048576, 35081.50891837431) +- (7.694852467360139, 7.694852467360139)
(4194304, 70163.90493232757) +- (0.5424430914319679, 0.5424430914319679)
(16777216, 140337.45176903903) +- (7.803147617013149, 7.803147617013149)
(67108864, 210503.3180655446) +- (1.6064087928403132, 1.6064087928403132)
(268435456, 232824.10087203607) +- (95701.52229660354, 95701.52229660354)

