1-2
(1, 5.289347202051431) +- (1.3453460469449072, 1.3453460469449072)
(4, 4.922182997688651) +- (0.3518834062100171, 0.3518834062100171)
(16, 5.542494705878198) +- (0.20381525360175248, 0.20381525360175248)
(64, 6.577086285687983) +- (1.734760102596771, 1.734760102596771)
(256, 7.773688877932727) +- (0.8623722430884762, 0.8623722430884762)
(1024, 30.384458077605814) +- (0.9112719013461537, 0.9112719013461537)
(4096, 134.0462602674961) +- (0.43008464422731085, 0.43008464422731085)
(16384, 549.1071883006953) +- (0.6444824596840061, 0.6444824596840061)
(65536, 2254.5308890985325) +- (10.310641204554228, 10.310641204554228)
(262144, 8976.401661406271) +- (15.65402728278945, 15.65402728278945)
(1048576, 35908.53050648002) +- (247.19256951467887, 247.19256951467887)
(4194304, 71647.00274274219) +- (70.62474853483025, 70.62474853483025)
(16777216, 143300.47335708514) +- (135.3144876444995, 135.3144876444995)
(67108864, 215320.53997227922) +- (441.7700821163742, 441.7700821163742)

